# first_id = 0
# dimensions = None
# last_id = 9
14.6161	0
146.333	0
263.627	0
352.57	0
410.996	0
430.677	0
493.856	0
688.534	0
818.974	0
840.609	0
996.315	0
1011.78	0
1218.41	0
1359.55	0
1455.05	0
1456.29	0
1515.22	0
1814.82	0
1827.14	0
1997.71	0
2178.95	0
2321.81	0
2375.86	0
2408.22	0
2494.49	0
2583.28	0
2586.22	0
2632.41	0
2763.79	0
3108.27	0
3172.48	0
3256.85	0
3303.81	0
3341.04	0
3563.39	0
3841.49	0
4284.28	0
4344.69	0
4413.73	0
4484.72	0
4566.25	0
4573.46	0
4624.99	0
4708.4	0
4714.31	0
4729.91	0
4843.19	0
4911.27	0
4994.56	0
5098.1	0
5143.21	0
5150.01	0
5224.02	0
5259.45	0
5298.27	0
5339.78	0
5505.77	0
5579.21	0
5611.28	0
5684.92	0
5745.45	0
5775.67	0
5840.96	0
5861.46	0
6080.26	0
6187.59	0
6239.24	0
6393.68	0
6405.82	0
6457.58	0
6488.77	0
6498.69	0
6781.78	0
7151.44	0
7171.64	0
7260.3	0
7501.79	0
7542.55	0
7574.86	0
7584.34	0
7664.31	0
7797.57	0
7991.81	0
8066.42	0
8157.61	0
8216.75	0
8225.19	0
8240.46	0
8295.42	0
8349.88	0
8368.67	0
8613.71	0
8757.76	0
8928.14	0
8939.49	0
8991.65	0
9240.82	0
9279.47	0
9415.22	0
9422.43	0
9478.8	0
9561.78	0
9630.55	0
9635.54	0
9650.09	0
9709.45	0
9716.57	0
9922.69	0
10035.9	0
10285.6	0
10332.2	0
10372.2	0
10626.7	0
10650.4	0
10676.9	0
10815.3	0
10921.3	0
10965.9	0
11004	0
11122.4	0
11129	0
11253.9	0
11320.7	0
11328.3	0
11335.3	0
11631.2	0
11718.5	0
11732.9	0
11866.8	0
11983.6	0
12063.6	0
12203.3	0
12204.5	0
12265.7	0
12283.8	0
12350.7	0
12363.4	0
12471.9	0
12498.1	0
12529.8	0
12626.3	0
12637.1	0
12916.6	0
12952.2	0
13081.2	0
13190.3	0
13219	0
13228.8	0
13301.6	0
13314.6	0
13362.4	0
13511.2	0
13946.6	0
14078.3	0
14158	0
14336.9	0
14352.6	0
14626.5	0
14943.2	0
15072.7	0
15122.8	0
15136.1	0
15149.4	0
15218.4	0
15496.2	0
15543.7	0
15616.5	0
15759.3	0
15931.5	0
16013.9	0
16104.8	0
16274.8	0
16277.7	0
16321	0
16408.9	0
16410.1	0
16415.2	0
16504.6	0
16564.6	0
16613.2	0
16818.8	0
17258.7	0
17298.7	0
17324.5	0
17376.1	0
17470.5	0
17560.6	0
17569.3	0
17602.1	0
17624.3	0
17642	0
18230.6	0
18248.8	0
18364	0
18388.6	0
18446.5	0
18579.2	0
18689.3	0
18996	0
19062.6	0
19314.1	0
19472.8	0
19619.6	0
19794.7	0
19984.3	0
20015	0
20110.7	0
20189	0
20191.2	0
20231.8	0
20494.8	0
20558.9	0
20592.7	0
20688.6	0
20808.2	0
20841.6	0
20875.2	0
21008	0
21025.4	0
21069.1	0
21336.2	0
21466.7	0
21599.2	0
21677	0
21705.4	0
21729.3	0
21734.4	0
21761.9	0
21783.3	0
21824.5	0
21900.5	0
21903.9	0
21933.9	0
21966.6	0
21993.4	0
22009.1	0
22091.9	0
22196.2	0
22267.4	0
22299.2	0
22432.3	0
22449.4	0
22621.9	0
22686.1	0
22840.1	0
22915.6	0
23026.2	0
23102.1	0
23153.3	0
23158.6	0
23277.4	0
23417.8	0
23441.2	0
23455	0
23489.1	0
23587.6	0
23646.3	0
23671.5	0
23679	0
23724.4	0
23815.8	0
24006.4	0
24167.4	0
24240.3	0
24253.2	0
24335	0
24372.7	0
24395	0
24492.9	0
24654.7	0
24749.8	0
24772.8	0
24870	0
24980.1	0
25020.6	0
25096.5	0
25155.8	0
25170.2	0
25226.4	0
25305	0
25492.6	0
25563.6	0
25593	0
25620	0
26025.8	0
26052.8	0
26121.1	0
26695.2	0
26759	0
26774.8	0
26831.5	0
26840.7	0
26920.2	0
27043.2	0
27151.9	0
27257.4	0
27288.5	0
27373.9	0
27408.5	0
27475.2	0
27624.5	0
27634	0
27683.6	0
27709.8	0
27836.8	0
27976.9	0
27982.7	0
28006.2	0
28029.4	0
28144.4	0
28328.4	0
28645.7	0
28765.1	0
28925.7	0
28934.2	0
28957.9	0
28973.1	0
28994.3	0
29018.4	0
29018.4	0
29020.1	0
29118.6	0
29311.4	0
29315.2	0
29517.3	0
29521.4	0
29723.9	0
29845.9	0
29890.7	0
29896.7	0
30028.2	0
30079.6	0
30253.6	0
30296.8	0
30324	0
30476.6	0
30497.2	0
30666.8	0
30722	0
30759.7	0
30892.9	0
30929.8	0
31235.9	0
31425	0
31518.6	0
31541.4	0
31552.8	0
31606	0
31640.8	0
31685.5	0
31792.7	0
31811.8	0
31901.7	0
31965.1	0
32222.8	0
32230.9	0
32244.3	0
32377.3	0
32466.5	0
33079.8	0
33142.4	0
33212	0
33264.2	0
33282.1	0
33296.7	0
33307.4	0
33321.9	0
33344.4	0
33560.2	0
33567.8	0
33610.7	0
33662.9	0
33686.7	0
33802.1	0
33946	0
33955.2	0
34138.3	0
34162.3	0
34196.1	0
34247	0
34379.7	0
34497.8	0
34508.7	0
34680.1	0
34720.2	0
34822.1	0
34923.9	0
35057.6	0
35085.5	0
35290.7	0
35322.8	0
35364.2	0
35436.3	0
35582.9	0
35633.9	0
35737.9	0
35807.2	0
35926.7	0
35996.9	0
35997	0
36120.1	0
36552.6	0
36562.2	0
36615.9	0
36910.6	0
37094.4	0
37140.2	0
37208	0
37216.7	0
37235.2	0
37504.6	0
37634.6	0
37771.9	0
37824.6	0
37859.5	0
37865.9	0
37951.2	0
38040.2	0
38046.4	0
38074.5	0
38119.6	0
38160.9	0
38344.6	0
38405.1	0
38543.6	0
38708.8	0
38956.6	0
38997.9	0
39326.4	0
39408.6	0
39424.5	0
39704.5	0
39716.2	0
39759.7	0
39798.8	0
39899.6	0
39993.2	0
40005.2	0
40025.6	0
40037.4	0
40093	0
40129.1	0
40199.1	0
40363.4	0
40808	0
40838.6	0
40951.8	0
40972.8	0
41103.3	0
41192.1	0
41235.8	0
41290.1	0
41488	0
41488.7	0
41705.1	0
41858	0
42084.1	0
42312.5	0
42342.7	0
42478.7	0
42528.7	0
42577.8	0
42592.2	0
42801.1	0
42830	0
42879.6	0
43008.9	0
43011.8	0
43146.5	0
43172	0
43351.6	0
43391.2	0
43429.3	0
43472.3	0
43799.7	0
43848.1	0
43876.7	0
43884.9	0
43932.6	0
44195.1	0
44373.9	0
44383.6	0
44526	0
44582.7	0
44749	0
44791.3	0
44808.4	0
44878.7	0
44959.6	0
44977.4	0
45126.1	0
45485	0
45492.1	0
45524	0
45685.7	0
45709.1	0
45773.7	0
45865.8	0
45885.8	0
45900.3	0
46113	0
46142.9	0
46303.4	0
46400.4	0
46468.9	0
46733.8	0
46776.3	0
46867.3	0
47268.2	0
47370.1	0
47472	0
47539.8	0
47668.6	0
47707.1	0
47783.3	0
47789.2	0
47928	0
47994.2	0
48006.8	0
48207.1	0
48354.8	0
48436.2	0
48454.6	0
48591.3	0
48682.6	0
48701.3	0
48856.6	0
48991.7	0
49055.5	0
49222.7	0
49400.8	0
49456.6	0
49497.1	0
49576.1	0
49726.2	0
49756.2	0
49924.4	0
50087.2	0
50218.2	0
50250.2	0
50328.5	0
50370.4	0
50393.2	0
50398.4	0
50518.6	0
50522.3	0
50642.2	0
50708.1	0
50926.9	0
50982.4	0
51119	0
51309.8	0
51393.1	0
51608.5	0
51668.6	0
51686.3	0
51775.3	0
52273.7	0
52305.7	0
52710.4	0
52893.4	0
52902.7	0
52910.5	0
53038.4	0
53173.8	0
53207.1	0
53214.1	0
53294.1	0
53512.7	0
53523.4	0
53649.8	0
53681.4	0
53835	0
53888.6	0
53945.3	0
54004.9	0
54139.8	0
54150.2	0
54152.7	0
54223	0
54306.6	0
54354.6	0
54513.4	0
54533.4	0
54599.1	0
54733.9	0
54743.4	0
54756.3	0
54818	0
54857.9	0
54989.6	0
54991.3	0
55573.3	0
55608.5	0
55737.1	0
56067.3	0
56075	0
56191.2	0
56563.3	0
56853.9	0
56988.3	0
57296.1	0
57338.4	0
57389.8	0
57451.2	0
57563.4	0
58104.1	0
58130.5	0
58202.3	0
58353.3	0
58419.6	0
58445.4	0
58460.6	0
58513.8	0
58744.6	0
58889	0
58969.6	0
59291.3	0
59564.1	0
59575.5	0
59598.2	0
59742.7	0
59999	0
60015	0
60032.1	0
60204	0
60316.5	0
60401.3	0
60599.4	0
60629	0
60843.8	0
61117.5	0
61300.3	0
61520.3	0
61690.4	0
61814.5	0
62039.6	0
62152	0
62168.9	0
62295.3	0
62370.2	0
62437.1	0
62562.4	0
62779	0
62833.8	0
62870.8	0
63103	0
63149.9	0
63184	0
63191.7	0
63201.5	0
63253.9	0
63322.1	0
63473.2	0
63511.5	0
63528.8	0
63753.3	0
63948.3	0
63997.9	0
64272.2	0
64530.2	0
64573.4	0
64626.8	0
64652.3	0
64668	0
64692.8	0
64763.9	0
64810.9	0
65043.7	0
65150.8	0
65459.9	0
65511.2	0
65565.8	0
65678.1	0
65691.3	0
65751.9	0
65759.6	0
66014.3	0
66073	0
66124.3	0
66306.9	0
66502.9	0
66570.5	0
66721.6	0
66980.9	0
67022.2	0
67033.6	0
67202.3	0
67661.1	0
67766.3	0
67783	0
67974.9	0
68130.4	0
68150.6	0
68152	0
68167.1	0
68359.9	0
68365.9	0
68616.6	0
68831.8	0
68858.2	0
69321.1	0
69363.4	0
69392.6	0
69400.4	0
69462.9	0
69530.5	0
69676.8	0
69828.7	0
69897.4	0
69984.1	0
70012.5	0
70102.6	0
70283.5	0
70310.8	0
70419.1	0
70438.1	0
70567.6	0
70746.1	0
70877.3	0
70886.5	0
70992.2	0
71021.8	0
71181.9	0
71226.4	0
71310.1	0
71517.3	0
71609.2	0
71660.7	0
71785	0
71830.7	0
71883.4	0
71951.6	0
72183.6	0
72293.4	0
72302.3	0
72411.2	0
72450.2	0
72567.6	0
72720.2	0
72725.5	0
72918.1	0
72948.4	0
73007.4	0
73091.1	0
73385.2	0
73395	0
73532.2	0
73635	0
73872.6	0
73961.7	0
74247.8	0
74554.2	0
74678.6	0
74749.3	0
74767.1	0
74820.7	0
75139.2	0
75371.8	0
75605	0
75685.8	0
75707	0
75868.9	0
75912.9	0
75921.4	0
75932.4	0
75976.1	0
76086.1	0
76122.3	0
76136.5	0
76245.7	0
76398.6	0
76576.8	0
76580.4	0
76607.2	0
76686	0
76984.1	0
77059.7	0
77269.8	0
77286.2	0
77314.1	0
77602.5	0
77617.2	0
77667.7	0
77796.7	0
77829.5	0
77904.8	0
77976	0
78043.7	0
78104	0
78166.3	0
78186.6	0
78220.5	0
78289.2	0
78401.4	0
78473.6	0
78613.3	0
78632.5	0
78998.4	0
79092.8	0
79111.9	0
79156	0
79210.6	0
79251.3	0
79310.2	0
79352.4	0
79379.6	0
79388	0
79494.4	0
79530.9	0
79636.2	0
79661.7	0
79708.9	0
79750.2	0
79750.6	0
79844.2	0
79857.8	0
79886.8	0
79948.2	0
80018.6	0
80202.8	0
80236.6	0
80294.8	0
80417.7	0
80422.9	0
80434.9	0
80485	0
80534.2	0
80853.1	0
81188.7	0
81258.5	0
81334.5	0
81554.3	0
81638.8	0
81741.3	0
81766.7	0
81782.7	0
81789.2	0
81899.6	0
81982.8	0
82095.5	0
82102.1	0
82216.2	0
82284.1	0
82287.3	0
82307.8	0
82322.1	0
82389.5	0
82501.5	0
82860.3	0
83203.9	0
83280.3	0
83439	0
83540.9	0
83577.6	0
83894.2	0
83925.8	0
84029.1	0
84154.6	0
84260.7	0
84344.2	0
84376.3	0
84408.9	0
84690.1	0
84791.1	0
84904.9	0
84944.9	0
84956	0
85030.5	0
85067.8	0
85100.7	0
85103.9	0
85138.2	0
85145	0
85201	0
85224.4	0
85302.3	0
85593.7	0
85708.4	0
85799.2	0
85840.8	0
86099	0
86141.8	0
86242.9	0
86389.5	0
86483	0
86497.1	0
86578.5	0
87154.3	0
87206.3	0
87280.5	0
87466.3	0
87480.1	0
87554.7	0
87648.9	0
87657.8	0
87727.9	0
87743.5	0
87777.8	0
87786.9	0
87924.4	0
87956.1	0
88037.4	0
88303.3	0
88319.2	0
88358.3	0
88374.2	0
88462.5	0
88486.2	0
88496.5	0
88580.1	0
88602.2	0
88608.3	0
89009	0
89027.3	0
89149	0
89157.5	0
89199.6	0
89451.1	0
89501.4	0
89520.4	0
89713.1	0
89818.3	0
89852.7	0
90007	0
90102	0
90226.6	0
90271.1	0
90290.2	0
90295.2	0
90362.5	0
90420.4	0
90513.7	0
90535.1	0
90631.1	0
90670.8	0
90809.4	0
90809.8	0
90845.6	0
90881.7	0
91010.9	0
91141.1	0
91211.8	0
91264.2	0
91271.4	0
91342.9	0
91378.9	0
91461.2	0
91555.7	0
91681.6	0
91775.3	0
91806.3	0
92007.8	0
92043.3	0
92148.9	0
92163.2	0
92434.8	0
92461.2	0
92488.6	0
92554.5	0
92653.9	0
93151.6	0
93385	0
93462.6	0
93498.2	0
93517.1	0
93572.8	0
93658.7	0
93714.5	0
93781.3	0
93807.6	0
93981.6	0
94021.4	0
94059.8	0
94113.1	0
94194	0
94258.1	0
94323.9	0
94419.3	0
94482.8	0
94539.8	0
94682.7	0
94852.2	0
94880.3	0
94885.2	0
94911.6	0
94926.7	0
94977.5	0
95042.3	0
95194.7	0
95307.2	0
95320.3	0
95417.6	0
95519.9	0
95636.7	0
95675.9	0
95727.4	0
95846.4	0
95879.8	0
95915.5	0
5.12542	1
214.382	1
287.2	1
569.733	1
618.997	1
666.886	1
682.335	1
733.598	1
741.88	1
807.598	1
1109.98	1
1353.18	1
1577.97	1
1590.08	1
1717.46	1
1988.89	1
2078.16	1
2085.67	1
2235.67	1
2333.01	1
2407.88	1
2436.63	1
2455.09	1
2490.93	1
3047.04	1
3121.42	1
3161.48	1
3179.94	1
3259.27	1
3607.95	1
3795.36	1
3819.81	1
3844.62	1
4099.5	1
4381.47	1
5046.54	1
5062.25	1
5232.97	1
5245.32	1
5361.65	1
6024.28	1
6187.27	1
6517.96	1
6528.26	1
6542.65	1
6599.24	1
6612.41	1
6711.28	1
7179.62	1
7182.52	1
7206.31	1
7411.22	1
7435.7	1
7666.11	1
7682.9	1
7689.16	1
7728.42	1
7897.49	1
8004.29	1
8022.46	1
8066.79	1
8088.84	1
8108.03	1
8239.08	1
8317.33	1
8342.61	1
8688.06	1
8699.07	1
8781.53	1
8814.96	1
8831.82	1
8881.83	1
8907.3	1
8909.54	1
9154.42	1
9234.88	1
9256.64	1
9259.98	1
9397.78	1
9711.52	1
9975.42	1
10059	1
10068.6	1
10115.6	1
10357.9	1
10611.3	1
10718.2	1
10908.5	1
11072.8	1
11119.6	1
11132	1
11194.1	1
11223.4	1
11648.3	1
11830.6	1
11860.3	1
12177.2	1
12318	1
12346	1
12639.4	1
12989.2	1
12989.6	1
13010.1	1
13237.6	1
13545.7	1
13563.6	1
13730.5	1
13845	1
13857.1	1
14021.8	1
14086.1	1
14471.9	1
14521.1	1
14552	1
14571.7	1
14600.7	1
14779.2	1
14800.2	1
14869.7	1
14885.9	1
14934.3	1
14957.9	1
15009.4	1
15116.3	1
15184.9	1
15187.3	1
15335	1
15442.5	1
15446	1
15489.6	1
15517.1	1
15613	1
15613.9	1
15639	1
15727.2	1
15904.9	1
15980.9	1
16121	1
16121.7	1
16193.9	1
16345.4	1
16545	1
16555.1	1
16555.6	1
16688.3	1
17132.2	1
17194	1
17316.6	1
17346.1	1
17376.9	1
17433.7	1
17485.9	1
17548.5	1
17575.1	1
17600.3	1
17729.4	1
17832.1	1
17832.6	1
17926.9	1
17939	1
17965.5	1
18021.6	1
18025.9	1
18173.3	1
18311.6	1
18378.1	1
18419.3	1
18517.4	1
18539.7	1
18581	1
18673.8	1
18731.7	1
18905.4	1
18925.4	1
19038.1	1
19240.5	1
19409.3	1
19421.8	1
19453.2	1
19609.7	1
19655.4	1
19830.9	1
19849.6	1
19864.8	1
20015.1	1
20262.1	1
20321.4	1
20534.2	1
20536.5	1
20679.7	1
21157.6	1
21269.4	1
21554	1
21652.7	1
21657.7	1
21745	1
21808.2	1
21923.3	1
21980.8	1
22080.3	1
22086.3	1
22096.2	1
22133.3	1
22136.7	1
22148.6	1
22265.7	1
22294.5	1
22307.8	1
22353.8	1
22393.8	1
22523.8	1
22601.6	1
22641.5	1
22895	1
22982.7	1
23174.3	1
23191.9	1
23435.3	1
23456.6	1
23482.4	1
23507.4	1
23597.7	1
23634.4	1
23652.8	1
23912.6	1
23994.6	1
24061.9	1
24067.5	1
24222.8	1
24336.1	1
24382.1	1
24639	1
25063.1	1
25131.6	1
25261.2	1
25282.1	1
25291.2	1
25331.9	1
25796.2	1
25899.4	1
25934.9	1
26076.3	1
26552.4	1
26561.4	1
26602	1
26807	1
26879.6	1
27028.5	1
27078.2	1
27087.3	1
27100.6	1
27149.6	1
27200.1	1
27255.8	1
27270.1	1
27277.3	1
27449	1
27556.3	1
27671.5	1
27671.7	1
27823.4	1
27843.4	1
28371.7	1
28475.7	1
28633.1	1
28784	1
28797.3	1
28807.8	1
29214.3	1
29296.8	1
29606.7	1
29790.2	1
29799.2	1
30365.5	1
30380.7	1
30400.9	1
30440.5	1
30487.4	1
30523.1	1
30602.1	1
30745.5	1
30759.5	1
30761.9	1
30825.3	1
31008.8	1
31129.7	1
31352.4	1
31418.8	1
31454	1
31605.7	1
31917.4	1
31974.8	1
32094.3	1
32148.8	1
32416.6	1
32525.8	1
32558.3	1
32691.1	1
32702.4	1
32799.4	1
32925	1
33174.3	1
33445.3	1
33465.6	1
33797.4	1
34277.3	1
34431.5	1
34537.1	1
34593.4	1
34786.5	1
35094.8	1
35165.4	1
35170.5	1
35186.7	1
35218.4	1
35237.6	1
35279.3	1
35433.4	1
35497.9	1
35579.8	1
35599.7	1
35667.9	1
35732.7	1
35994.5	1
36016.9	1
36076.1	1
36148.6	1
36236.5	1
36240	1
36291.3	1
36338.6	1
36372.4	1
36603.2	1
36689.7	1
36713.5	1
36744.2	1
36893.4	1
37017.6	1
37055.2	1
37265.4	1
37299.5	1
37327.6	1
37447.3	1
37533.4	1
37546.1	1
37610.3	1
37619.3	1
37709.7	1
37957.9	1
38135.9	1
38244.8	1
38384.3	1
38586.2	1
38671.4	1
38992.8	1
39011.8	1
39102.9	1
39168.6	1
39263.8	1
39274.9	1
39496.2	1
39699.6	1
39813.2	1
39834.6	1
39862.2	1
39874.8	1
39950.1	1
40332.7	1
40512.2	1
40694.7	1
40864.6	1
41106	1
41161.8	1
41382.3	1
41456.4	1
41498.4	1
41531	1
41716.8	1
41770.6	1
41772.9	1
41777.2	1
41844.1	1
42144.7	1
42398	1
42678.6	1
42682.6	1
42743.3	1
43210.1	1
43655	1
43665.5	1
43764.3	1
43879.1	1
44217.3	1
44315.5	1
44343.7	1
44466	1
44507	1
44544.6	1
44561.5	1
44671.7	1
44697.6	1
44957.9	1
45048.5	1
45217.7	1
45250.5	1
45310.8	1
45399.8	1
45455.9	1
45477.4	1
45499.3	1
45591.7	1
45610.9	1
45681.1	1
45782.3	1
45834.4	1
45884	1
45932.8	1
46047.6	1
46089.5	1
46214.5	1
46246.4	1
46301.5	1
46326.7	1
46638.1	1
46652.1	1
46911.6	1
47007	1
47025.3	1
47034.5	1
47042.6	1
47059.6	1
47383.5	1
47389.7	1
47483.3	1
47504.8	1
47557.8	1
47580.2	1
47636.9	1
47747.7	1
47767	1
48054.3	1
48063.7	1
48128.2	1
48161	1
48233.7	1
48239.8	1
48301.7	1
48360.5	1
48405.6	1
48433.8	1
48473.1	1
48555.8	1
48589.1	1
48888.6	1
48899.2	1
48936.6	1
48938	1
48989.4	1
49242.3	1
49352.4	1
49449.3	1
49531.1	1
49673.6	1
49927.9	1
49966.8	1
49977.9	1
50055	1
50145.2	1
50263.8	1
50381	1
50603.7	1
50791.9	1
50853.1	1
50867	1
51080	1
51146.9	1
51383.5	1
51401.4	1
51406.9	1
51533.2	1
51593.1	1
51650.1	1
51686.2	1
51715.7	1
51790.8	1
51832.5	1
51851.6	1
51858.3	1
51958.6	1
52061.1	1
52144	1
52279.3	1
52309.6	1
52327.6	1
52465.2	1
52728.5	1
52754.2	1
52769.1	1
52801	1
52853.5	1
53040.8	1
53071.7	1
53123.7	1
53311.9	1
53555.5	1
54021.4	1
54194.8	1
54251.1	1
54298.5	1
54500.8	1
54664.6	1
54950.8	1
55040.4	1
55049.1	1
55199.6	1
55271.7	1
55397.3	1
55408.4	1
55446	1
55469.6	1
55664.9	1
55934.2	1
56150.8	1
56175.8	1
56184.3	1
56231.2	1
56232	1
56442.5	1
56508	1
56589.4	1
56674.1	1
56681.7	1
56694.8	1
56710.6	1
56779	1
56956.6	1
57031	1
57040.2	1
57288	1
57383.3	1
57429.4	1
57485.5	1
57529.9	1
57548.6	1
57549.4	1
57693.8	1
57729	1
57742	1
57745.6	1
58054.5	1
58070.6	1
58122.1	1
58202	1
58280.6	1
58333.6	1
58416.3	1
58496.8	1
58568.8	1
58592.3	1
59369.6	1
59375.4	1
59391.3	1
59471.9	1
59695.1	1
59772.9	1
59807.2	1
59968.5	1
60352.3	1
60403.7	1
60575.3	1
60593.7	1
60626.4	1
60732.5	1
60910.6	1
61012.4	1
61087.7	1
61198.4	1
61317.5	1
61355.7	1
61500.9	1
61640.7	1
61742.9	1
61910.2	1
62059.1	1
62076.5	1
62306.3	1
62362.5	1
62408.4	1
62495	1
62495.3	1
62589.2	1
62694.7	1
62924.9	1
62954	1
63130.6	1
63733.7	1
64095.5	1
64180.3	1
64430.1	1
64448.8	1
64491.7	1
64503.8	1
64886.5	1
65179.5	1
65220.2	1
65288.7	1
65376.3	1
65417.6	1
65424.3	1
65446.8	1
65458.9	1
65737.7	1
65744.8	1
65923	1
65930.6	1
66019.3	1
66205.6	1
66286.1	1
66349.5	1
66423.9	1
66444.7	1
66695.2	1
66718.2	1
66770.9	1
67143.2	1
67392.8	1
67435.4	1
67627.9	1
67706.8	1
67769.5	1
67832.9	1
67972.6	1
68029.2	1
68073.6	1
68457.9	1
68653.3	1
68704.7	1
68742.4	1
68761.4	1
68781	1
68824.2	1
68915.7	1
68958.4	1
68998	1
69010.5	1
69110.6	1
69175.1	1
69196.4	1
69208	1
69255.9	1
69307.7	1
69577.6	1
69698.2	1
69782.8	1
69845.4	1
69917.2	1
69938.2	1
70040	1
70197.5	1
70369	1
70379.7	1
70510.6	1
70783.3	1
70795.9	1
71169.4	1
71224.7	1
71419.5	1
71440.8	1
71589	1
71637	1
71672	1
71799.1	1
71813.1	1
71816.6	1
71831	1
71852.6	1
71980.1	1
72105.1	1
72314.6	1
72354	1
72359.7	1
72583.1	1
72705.8	1
72722.2	1
72741.1	1
72876.6	1
72996.6	1
73136.9	1
73214	1
73254.5	1
73325.8	1
73510.7	1
73574.4	1
73609.5	1
73858.4	1
73893.6	1
73951.4	1
74005.4	1
74040.1	1
74077.7	1
74147.6	1
74273.4	1
74295.9	1
74401.6	1
74461	1
74556.9	1
74573.4	1
74675.7	1
74807.8	1
75046.5	1
75179.6	1
75252.8	1
75442.7	1
75533.5	1
75575.9	1
75712.8	1
75852.2	1
75950.5	1
75952.4	1
76050.5	1
76120.4	1
76181.7	1
76396.1	1
76446.7	1
76456.3	1
76478.8	1
76486.1	1
76560.5	1
76782.8	1
76827.2	1
77030.2	1
77285.6	1
77311.6	1
77333.3	1
77538	1
77930	1
78007.5	1
78041.5	1
78111.9	1
78503.4	1
78666.2	1
78672.6	1
78726.6	1
78745.6	1
78751.2	1
78882.3	1
78955.1	1
78979.6	1
79058.8	1
79154.4	1
79175.3	1
79406	1
79418.5	1
79420.9	1
79448.8	1
79489	1
79511.6	1
79756.4	1
79772.3	1
79776.9	1
79801.7	1
79819.7	1
80020.4	1
80060.3	1
80237.2	1
80274.8	1
80399.7	1
80405.1	1
80436	1
80436.5	1
80643.5	1
80646.2	1
80709.9	1
80803.3	1
80914.8	1
81044.1	1
81079.2	1
81287.9	1
81369.2	1
81379.7	1
81412	1
81585.7	1
81648.1	1
82032	1
82125.7	1
82165.7	1
82251.3	1
82408.5	1
82499.3	1
82561	1
82718.3	1
82742.8	1
82781.8	1
82977.9	1
83052.1	1
83190	1
83199.2	1
83350.4	1
83750.4	1
83832.1	1
84022.9	1
84130.3	1
84234.6	1
84423.3	1
84449.2	1
84613.4	1
84655.1	1
84691.6	1
84734.9	1
84750.5	1
84926.2	1
84957	1
85234.3	1
85391.3	1
85450	1
85512.4	1
85555.7	1
85586.1	1
85691.3	1
85707.6	1
85890.2	1
86131.6	1
86154.6	1
86182.5	1
86329.5	1
86355.5	1
86563.4	1
86697.7	1
86702.5	1
86848.6	1
86889.2	1
87028.1	1
87130.4	1
87149.7	1
87199.1	1
87248	1
87356.2	1
87377.6	1
87384	1
87385.8	1
87706.1	1
87901.7	1
88026.8	1
88181.2	1
88226.3	1
88346	1
88353.7	1
88366.2	1
88371.7	1
88403.7	1
88465.3	1
88560.2	1
88728.9	1
88814.3	1
88882.3	1
89088.3	1
89206.5	1
89523	1
89627.6	1
89634.2	1
89726.3	1
89778.6	1
89830.5	1
89919.8	1
90112	1
90341.8	1
90404.8	1
90468.2	1
90484.8	1
90493.8	1
90714.3	1
90907.2	1
90932	1
91082.5	1
91172.9	1
91372.8	1
91386	1
91552.8	1
91610.9	1
91808.8	1
91983.1	1
92036.5	1
92250.5	1
92308.4	1
92511.5	1
92514.1	1
92653.5	1
92746	1
92791.2	1
92872.2	1
93005.4	1
93196.4	1
93215.9	1
93343.9	1
93360.8	1
93511	1
93570.4	1
93702.8	1
93706.3	1
93796.4	1
93926	1
93998.8	1
94075.5	1
94122	1
94146.7	1
94306.3	1
94492.2	1
94652.3	1
94793.8	1
95008.8	1
95230.1	1
95414.4	1
95433.8	1
95486.9	1
95521.5	1
95559.5	1
96090.1	1
96161.3	1
96229.2	1
96297.1	1
96353.3	1
96375.4	1
96456.8	1
96622.7	1
96739.9	1
96784.8	1
96872.1	1
96886.6	1
96951.4	1
97045.7	1
97151.5	1
97304	1
97448.5	1
97478.9	1
97496	1
97543.7	1
97627.4	1
97627.5	1
97692.5	1
97788.9	1
97890.7	1
97906.1	1
97906.8	1
98086.7	1
98167.4	1
98243	1
98335.2	1
98415.2	1
98477.9	1
98588.5	1
98648.3	1
98760.1	1
98784.4	1
98978.6	1
98985.5	1
99064.9	1
99146.5	1
99200.5	1
99427.8	1
99512	1
99655.6	1
99816.4	1
100144	1
100407	1
100415	1
100469	1
100661	1
100673	1
100709	1
100844	1
100955	1
100960	1
100971	1
101058	1
101145	1
101161	1
101262	1
101429	1
101438	1
101523	1
101532	1
101603	1
101957	1
101986	1
102091	1
102380	1
102468	1
102475	1
102596	1
102666	1
102667	1
102724	1
102762	1
102913	1
103046	1
103127	1
103128	1
103147	1
103334	1
103591	1
17.7498	2
84.6116	2
84.616	2
168.684	2
678.838	2
890.565	2
996.438	2
1067.66	2
1112.92	2
1544.47	2
1566.54	2
1595.64	2
1693.07	2
1866.2	2
1894.41	2
1908.5	2
1915.64	2
1950.29	2
2034.06	2
2174.82	2
2181.49	2
2368.28	2
2382.66	2
2439.03	2
2546.14	2
2720.01	2
2881.54	2
2882.16	2
2910.71	2
2915.7	2
3039.08	2
3153.83	2
3240.1	2
3344.19	2
3360.91	2
3392.31	2
3461.66	2
3573.21	2
3756.5	2
3923.17	2
4104.73	2
4190.54	2
4391.99	2
4407.26	2
4419.78	2
4422.65	2
4498.34	2
4504.24	2
4563.52	2
4613.8	2
4677.29	2
4767.49	2
4870.28	2
4966.86	2
5076.08	2
5295.25	2
5417.68	2
5499.78	2
5658.46	2
5722.61	2
6125.71	2
6209.2	2
6240.58	2
6341.09	2
6350.3	2
6382.74	2
6522.18	2
6637.13	2
6688.52	2
6692.73	2
6722.67	2
7167.03	2
7217.08	2
7304.33	2
7418.37	2
7466.1	2
7468.01	2
7622.39	2
7640.58	2
7690.93	2
7739.21	2
7988.94	2
7999.19	2
8146.51	2
8165.56	2
8334.03	2
8334.53	2
8339.83	2
8393.11	2
8471.34	2
8481.17	2
8495.15	2
8619.08	2
8697.58	2
8729.7	2
8766.8	2
8787.1	2
9053.99	2
9079.4	2
9086.66	2
9171.22	2
9217.43	2
9270.07	2
9277.09	2
9570.05	2
9814.04	2
9836.57	2
10048.4	2
10070.8	2
10219.7	2
10318.3	2
10449.4	2
10641.1	2
10667	2
10777.8	2
10808	2
10817.1	2
10897.8	2
11051.4	2
11053.8	2
11058.6	2
11079.6	2
11279.6	2
11285	2
11285.2	2
11293.6	2
11383.5	2
11409.2	2
11448	2
11453.2	2
11479.1	2
11591	2
11663.1	2
11693.3	2
11778.9	2
11800.2	2
11884.4	2
11912	2
12156.1	2
12254.1	2
12411.2	2
12588	2
12690.4	2
12708.3	2
12732.1	2
12817	2
12851.6	2
12878.1	2
12894.9	2
12911	2
12990	2
13148.5	2
13201	2
13369.1	2
13414.7	2
13576.1	2
13885.4	2
14025.5	2
14150.7	2
14310.7	2
14355.3	2
14697.4	2
15203	2
15276.6	2
15358.2	2
15428	2
15461.9	2
15518.4	2
15602.2	2
15695.5	2
15707	2
15887.6	2
15946.7	2
16006.3	2
16025.1	2
16094.8	2
16327.8	2
16465.8	2
16815.3	2
16962.8	2
16987.8	2
17151.9	2
17168.2	2
17206.7	2
17250.9	2
17356.4	2
17526.3	2
17652.6	2
17700.5	2
17709.9	2
17760.7	2
17966.1	2
18026.2	2
18048.1	2
18067.7	2
18095.3	2
18185.3	2
18225.2	2
18372.7	2
18376.8	2
18449.5	2
18471.5	2
18676.4	2
18784.3	2
18811.3	2
18863.4	2
19158.1	2
19169.6	2
19209.2	2
19214.1	2
19224.7	2
19257.4	2
19471.8	2
19479.5	2
19498.1	2
19525.4	2
19749.5	2
19754.7	2
19817.1	2
19873.9	2
19921.5	2
20006.3	2
20100.8	2
20300.8	2
20326.7	2
20804.3	2
20807	2
20876.7	2
21104.4	2
21153.5	2
21366.4	2
21614.6	2
21658.2	2
21706.1	2
21806.2	2
21960.5	2
22086.7	2
22091.9	2
22110.2	2
22165	2
22260.9	2
22451.6	2
22498.6	2
22668.6	2
22896.2	2
22914	2
22964.5	2
23244.8	2
23284.3	2
23463.9	2
23506.7	2
23516.8	2
23541.6	2
23563.2	2
23621.6	2
23692.9	2
24145.4	2
24180	2
24359.3	2
24531.3	2
24590.4	2
24611.1	2
24740.9	2
24806	2
24851	2
24971.8	2
24987.2	2
25025.9	2
25326.1	2
25337	2
25512.1	2
25518.6	2
25551	2
25563.3	2
25593.1	2
25718.9	2
25847.8	2
25988.4	2
26105.6	2
26110.7	2
26244.7	2
26264.4	2
26317.6	2
26438.3	2
26649	2
26665.1	2
26757.2	2
26886.6	2
26906	2
26932.7	2
27081.6	2
27205.2	2
27248.9	2
27359.3	2
27367.3	2
27414.8	2
27420.7	2
27432.3	2
27477.4	2
27618.3	2
27671.7	2
27731	2
28064.8	2
28215.8	2
28334.2	2
28518.2	2
28670.1	2
28690.5	2
28749.8	2
28790.6	2
28899.8	2
29076.2	2
29087.2	2
29105.7	2
29500.8	2
29571.3	2
29600.9	2
29603	2
29714.8	2
29837	2
29955.1	2
29965	2
30042.8	2
30404.8	2
30428.1	2
30436.8	2
30470.9	2
30689.7	2
30702.1	2
30801	2
30802.8	2
31010.9	2
31026.8	2
31048.5	2
31093.6	2
31404.4	2
31752.6	2
31864.5	2
31912.2	2
32119.7	2
32271.1	2
32356.3	2
32489.3	2
32544.1	2
32564	2
32625.3	2
32663.6	2
32725.3	2
32965.1	2
33382.9	2
33428.1	2
33517.1	2
33676.3	2
34006.6	2
34018.1	2
34150.3	2
34441.7	2
34609.5	2
34811.8	2
34866	2
35115.4	2
35137.5	2
35170.4	2
35216.3	2
35308.4	2
35494.8	2
35601.6	2
35656.9	2
35768.4	2
35952.1	2
35972.5	2
35977.9	2
36156.2	2
36251.6	2
36290.3	2
36319.3	2
36332.5	2
36351.9	2
36427.9	2
36473.3	2
36527.2	2
36755.8	2
36821	2
36946.6	2
37082.6	2
37375.6	2
37716.9	2
37820.7	2
37933.3	2
37959.5	2
38072.9	2
38279.8	2
38521.4	2
38550.3	2
38553.3	2
38861.1	2
38883.2	2
38954.3	2
39232.2	2
39610.8	2
39637.2	2
39767.6	2
39800.1	2
39824.7	2
39871.3	2
40087.2	2
40093	2
40113.9	2
40156.3	2
40173.8	2
40177.8	2
40295.4	2
40345.5	2
40443.8	2
40495.3	2
40781.8	2
40879.5	2
40972.2	2
41079.1	2
41190.5	2
41251.7	2
41252.7	2
41342.1	2
41362.4	2
41393.4	2
41404.9	2
41439.3	2
41525.9	2
41619.9	2
41620.7	2
41647.3	2
42109.2	2
42205.4	2
42221.6	2
42415.9	2
42441	2
42514	2
42655.8	2
42678.9	2
42826.2	2
42919.9	2
42986.3	2
43015.8	2
43219	2
43378.1	2
43442.3	2
43580.3	2
43600.5	2
43898.5	2
43907.6	2
43946.3	2
43997.6	2
44019.7	2
44190.4	2
44205.1	2
44206.7	2
44318.4	2
44368.1	2
44411.1	2
44451	2
44550.5	2
44579.4	2
44583.9	2
44601.5	2
44637.5	2
44681.8	2
44693.1	2
44721.3	2
44725.1	2
44829.2	2
44875.5	2
44929.5	2
45038.7	2
45043.9	2
45257.2	2
45378.1	2
45398.8	2
45434.2	2
45445.4	2
45448	2
45517.6	2
45803.1	2
45905	2
45989.7	2
46182	2
46436.3	2
46445.4	2
46483.1	2
46621.5	2
46678.2	2
46711.9	2
46755.9	2
46805.3	2
46830	2
46975.3	2
47236.7	2
47762.2	2
47893.2	2
48098.1	2
48318.2	2
48341.9	2
48392.9	2
48571	2
48580.5	2
48602.7	2
48658.3	2
48772.2	2
48805.3	2
48837	2
48975	2
48975	2
49019.2	2
49027.2	2
49377.1	2
49441.2	2
49472.5	2
49661.5	2
49685.4	2
49775.6	2
49776.4	2
49848	2
50008	2
50133	2
50203.1	2
50280.2	2
50389.5	2
50576.5	2
50624	2
50762	2
50766.6	2
50882.8	2
50981.3	2
51008.3	2
51029	2
51150.6	2
51254.1	2
51430.1	2
52039.3	2
52261.9	2
52602.3	2
52792.6	2
52839.7	2
52911.3	2
53010.7	2
53057.6	2
53064.1	2
53156.3	2
53541.8	2
53608.3	2
53641.8	2
53672	2
53693.4	2
53838.4	2
53865.4	2
53869.9	2
53989.7	2
54119	2
54121.9	2
54140.1	2
54304.8	2
54435.1	2
54482.4	2
54695.7	2
54711.7	2
54796.4	2
54938	2
55283.6	2
55300.5	2
55565.9	2
55660.5	2
56020.3	2
56289.1	2
56366.2	2
56511.6	2
56553	2
56600.9	2
56655.5	2
56676.6	2
56802.8	2
56973.2	2
57007.6	2
57113.1	2
57178.6	2
57234	2
57276.2	2
57358.2	2
57454.8	2
57514.3	2
57547.5	2
57577.5	2
57967.4	2
58099.5	2
58543.3	2
58634.8	2
58662	2
58879.6	2
58949.3	2
59012.3	2
59207.3	2
59340.8	2
59476.8	2
59490.4	2
59785	2
59789.5	2
59803.9	2
59826.6	2
59828.9	2
60004.6	2
60190	2
60262.8	2
60320.8	2
60383.1	2
60383.9	2
60528.6	2
60716.9	2
60788.8	2
61115.1	2
61116.5	2
61136.7	2
61138.3	2
61218.3	2
61325	2
61445.1	2
61695.7	2
61708.2	2
61900.4	2
62293.1	2
62335.3	2
62355.4	2
62377.7	2
62532.1	2
62935.1	2
62963.4	2
62993.8	2
63215.1	2
63299.5	2
63697.8	2
63710.6	2
63728.1	2
63736.5	2
63813.8	2
63905.7	2
64081.8	2
64091.2	2
64100	2
64135.7	2
64282	2
64607.3	2
64694.6	2
64700.3	2
64747.6	2
64750.1	2
64756.4	2
64758.1	2
64874.9	2
65075.4	2
65504.4	2
65674.1	2
65797.6	2
65896.7	2
65941	2
65995.1	2
66217.8	2
66251.4	2
66263.3	2
66296.1	2
66389.5	2
66460.8	2
66554.8	2
66629.6	2
66720.2	2
66724.6	2
66746.6	2
66795.7	2
66921.9	2
66977.7	2
67326.1	2
67436.9	2
67463.1	2
67511.5	2
67604	2
67704.8	2
67735.8	2
67807.7	2
67926.8	2
67970.8	2
68227.4	2
68232.4	2
68241.4	2
68275.9	2
68300.7	2
68406.7	2
68441.9	2
68648.8	2
68736.8	2
68910.3	2
68968.5	2
69044.5	2
69303.2	2
69382.3	2
69386.2	2
69388.3	2
69394.2	2
69442.5	2
69565.8	2
69678.3	2
69760.4	2
69762.1	2
69994.8	2
70035.7	2
70107.8	2
70399.7	2
70502.7	2
70537.3	2
70648	2
70870.9	2
70917.5	2
70953	2
71158.6	2
71193.5	2
71276.9	2
71497.9	2
71510.9	2
71630.1	2
71883	2
72098.3	2
72335.2	2
72494.9	2
72528	2
72613.1	2
72734.9	2
72940.5	2
73001	2
73020.3	2
73080.4	2
73101.5	2
73112.6	2
73210.8	2
73393	2
73417	2
73502.6	2
73563.9	2
73573.4	2
73573.7	2
73787.7	2
74180.3	2
74195.2	2
74350.6	2
74586.4	2
74805.5	2
74886.7	2
74906.8	2
75089	2
75099.5	2
75258	2
75332.4	2
75764.5	2
75885.4	2
75902.7	2
76081.5	2
76108.1	2
76127.9	2
76224.3	2
76239	2
76252	2
76312.4	2
76517.6	2
76945	2
76962	2
76963.6	2
77225.7	2
77238.4	2
77568.8	2
77678.1	2
77704.7	2
77722.3	2
77800.4	2
78089.6	2
78225.8	2
78306.4	2
78348.6	2
78351.5	2
78555.5	2
78637	2
78693.8	2
78722	2
78788.7	2
78868.5	2
78968.3	2
79173.9	2
79205	2
79208.8	2
79264.2	2
79270.5	2
79277.6	2
79308.2	2
79347.6	2
79656.3	2
79948.9	2
80020.8	2
80050	2
80117.2	2
80129.5	2
80509.8	2
80517.7	2
80520	2
80594.7	2
80930.9	2
80931.2	2
80944.9	2
80989.3	2
81023.5	2
81046.8	2
81153.3	2
81408.7	2
81410.2	2
81439	2
81478.1	2
81549.4	2
81550.1	2
81623.2	2
82023.2	2
82098.9	2
82108.8	2
82128.9	2
82172.1	2
82251.1	2
82330.3	2
82339.1	2
82383.7	2
82460.2	2
82516.8	2
82624.6	2
82691.2	2
82798.7	2
82813.6	2
82861	2
82892.1	2
82947.1	2
83041.8	2
83060	2
83136.3	2
83277	2
83331.9	2
83342.9	2
83710.9	2
83729.6	2
83749.5	2
83848	2
83873.9	2
83899.1	2
83905.7	2
83984.9	2
84008.3	2
84524.1	2
84530.7	2
84560.1	2
84639.4	2
84673.6	2
84809.8	2
84930.8	2
84942.8	2
85505.6	2
85527.2	2
85578.9	2
85600	2
85610.4	2
85697.5	2
85799.2	2
85872.8	2
86113.4	2
86132.8	2
86148.9	2
86155	2
86169.5	2
86185.8	2
86207.9	2
86619.6	2
86687.7	2
86779.1	2
86985.4	2
87070.1	2
87133.7	2
87206.2	2
87218.3	2
87368.9	2
87543.9	2
87630.3	2
87826.5	2
87873	2
87881.5	2
87903	2
87945.6	2
87986.8	2
88023.9	2
88059.9	2
88117	2
88165.6	2
88243.6	2
88280.5	2
88353.2	2
88449.1	2
88536.4	2
88547.4	2
88671.8	2
88829	2
88860.5	2
88892.1	2
89068.9	2
89226.9	2
89338.5	2
89744.5	2
89747.9	2
89860.5	2
89948.4	2
90036.7	2
90071.6	2
90084.2	2
90085.3	2
90122.6	2
90211	2
90249.3	2
90361.9	2
90414.9	2
90422.1	2
90489.3	2
90564.1	2
90600.6	2
90618.1	2
90681.8	2
90685.3	2
90706	2
90789.6	2
91223	2
91275.1	2
91333.1	2
91364.8	2
91561.1	2
91754.4	2
91769.9	2
91806.3	2
91824.3	2
92020.2	2
92145.2	2
92148.1	2
92215.2	2
92352.8	2
92902.3	2
92944.6	2
92986.8	2
93022.6	2
93185.3	2
93259	2
93303.1	2
93421.4	2
93456.6	2
93557.5	2
93742.1	2
93920.9	2
93985	2
94188.6	2
94443.3	2
94992.2	2
95068.4	2
95074	2
95193	2
95206.8	2
95370	2
95373.3	2
95485.1	2
95628	2
95881	2
95898.9	2
95939.8	2
96337.2	2
96339	2
96438.3	2
96667.8	2
96852.6	2
96920.4	2
96962.7	2
97010.3	2
97192.7	2
97235.8	2
97375.6	2
97401.8	2
97599.9	2
97617.7	2
97624.4	2
97634.8	2
97724.9	2
97875.4	2
97942.3	2
98003.7	2
98184.4	2
98284.2	2
98326.4	2
98430.4	2
98437.6	2
98677.7	2
6.76405	3
76.6728	3
256.897	3
292.681	3
574.671	3
799.313	3
869.274	3
1078.7	3
1102.27	3
1152.82	3
1228.07	3
1468.58	3
1474.07	3
1942.99	3
2078.05	3
2123.15	3
2137.45	3
2256.27	3
2378.35	3
2437.92	3
2457.77	3
2657.22	3
2706.93	3
2784.21	3
2877.29	3
3124.92	3
3459.59	3
3586.59	3
3637.67	3
3740.1	3
3802.09	3
3870.82	3
4193.79	3
4245.57	3
4250.53	3
4279.48	3
4310.8	3
4362.97	3
4458.8	3
4473.79	3
4849.23	3
4928.11	3
5133.41	3
5171.56	3
5199.45	3
5293.75	3
5393.66	3
5496.3	3
5510.97	3
5732.59	3
5874.32	3
6232.1	3
6383.03	3
7106.35	3
7149.8	3
7302.16	3
7526.21	3
7611.65	3
7719.37	3
7949.76	3
7990.6	3
8389.43	3
8486.61	3
8544.75	3
8572.35	3
8982.28	3
9054.31	3
9381.48	3
9638.19	3
9782.08	3
10215.9	3
10302.6	3
10339.5	3
10442.9	3
10515.4	3
10521.5	3
10534.8	3
10573.6	3
10601.8	3
10650	3
10675.6	3
10827	3
10964.8	3
11242.8	3
11253.8	3
11331.7	3
11360	3
11716.6	3
11722.1	3
11755.8	3
11883.6	3
12062.5	3
12141.7	3
12282.1	3
12291.6	3
12357.3	3
12654.2	3
12655.6	3
12687.8	3
12709.1	3
12724.7	3
12785.5	3
12785.8	3
12858.2	3
12891.2	3
13007.9	3
13045.1	3
13184	3
13206.1	3
13219.4	3
13220.9	3
13534.3	3
13579.2	3
13669.8	3
13735.7	3
13743.4	3
13834.5	3
13907.7	3
13928.6	3
13972.4	3
14092.4	3
14127	3
14198.2	3
14401.7	3
14466.3	3
14474.4	3
14879.5	3
14934.5	3
15018.2	3
15022.3	3
15057.8	3
15233.3	3
15283.7	3
15658.6	3
15680.1	3
15763.6	3
15836.8	3
15844.4	3
16168.8	3
16224.1	3
16378.5	3
16603.3	3
16666.3	3
16695.3	3
16847.2	3
16891.1	3
17004.7	3
17291.5	3
17335	3
17650.9	3
17737.8	3
17828.8	3
17988.7	3
18147.2	3
18177.7	3
18187.9	3
18210.9	3
18383.6	3
18437.4	3
18510	3
18540.1	3
18648.1	3
18821.6	3
18824.7	3
18945	3
18968.5	3
18979.3	3
19076.4	3
19178.7	3
19297.9	3
19702.7	3
19772.2	3
19774.4	3
19810.8	3
19853.6	3
20196.1	3
20238.7	3
20256.1	3
20297.7	3
20366.7	3
20413	3
20492.3	3
20528.1	3
20548.5	3
20625.6	3
20723.1	3
21061.7	3
21154.2	3
21162.6	3
21175	3
21286.3	3
21325.5	3
21421.3	3
21425.9	3
21536.2	3
21652.5	3
21676.1	3
22117.4	3
22163.1	3
22220.1	3
22253.7	3
22325.4	3
22706.2	3
22731.3	3
22845.8	3
22885.5	3
23033.9	3
23173.2	3
23212.5	3
23223.5	3
23264.7	3
23292.2	3
23468	3
23640.7	3
23642.8	3
23721.5	3
23764.7	3
23859.9	3
23884.3	3
23900.4	3
24074.6	3
24121.7	3
24127.1	3
24156.3	3
24252.8	3
24279.4	3
24428.9	3
24480.2	3
24605.5	3
24682.2	3
24691.2	3
24720.4	3
24770.1	3
24792.6	3
24857.3	3
24979.3	3
25024.5	3
25126	3
25196.8	3
25324.6	3
25447.2	3
25584.1	3
25596	3
25695.4	3
25742.9	3
25794.8	3
26000	3
26044.2	3
26413.8	3
26415	3
26424.3	3
26623.7	3
26864.3	3
27118.3	3
27229.5	3
27330	3
27342.6	3
27547.2	3
27597.5	3
27724.2	3
27868.4	3
28006.6	3
28006.8	3
28246.3	3
28253.2	3
28298.7	3
28319.5	3
28501	3
28628.3	3
28918.5	3
28996.9	3
29341.6	3
29442.6	3
29533.9	3
29645.8	3
29678.8	3
29792	3
29923.9	3
30223.4	3
30366.7	3
30453.2	3
30597.6	3
30624.9	3
30826.2	3
30948.6	3
31210.8	3
31485.7	3
31529.5	3
31553.6	3
31572.6	3
31702.2	3
31795.4	3
31859.1	3
32331	3
32403.7	3
32576.6	3
32752	3
32853.1	3
32939.9	3
33066.4	3
33075.4	3
33093.8	3
33107.9	3
33162.8	3
33241.9	3
33274.4	3
33568.3	3
33752	3
33899.5	3
33909.1	3
33918.4	3
33956.6	3
34064.3	3
34226.2	3
34370.5	3
34398.9	3
34576.2	3
34641	3
34771.7	3
34843.2	3
34871.1	3
34892.6	3
34968	3
35124.6	3
35338.8	3
35380.4	3
35534.2	3
35581.5	3
35621.4	3
35989.6	3
36046.5	3
36080.6	3
36183.4	3
36345.2	3
36405	3
36459.7	3
36788.5	3
36807.8	3
36841.7	3
36922.2	3
36924.2	3
36934.5	3
36960.2	3
36961.3	3
37026.3	3
37121.7	3
37162.1	3
37229.4	3
37464.4	3
37769.9	3
37801.5	3
37916.2	3
38008.5	3
38063.8	3
38098.2	3
38209.9	3
38223.6	3
38241.8	3
38448.5	3
38615.7	3
38638.1	3
38657.3	3
38747.5	3
38841.9	3
38952.8	3
38973.1	3
39413.6	3
39454.1	3
39595.2	3
39619.3	3
39682.4	3
39724.8	3
39803	3
39883.3	3
40055.3	3
40059.8	3
40098.7	3
40122	3
40263.8	3
40637	3
40816.7	3
41069.5	3
41163.6	3
41262.1	3
41310.7	3
41401.6	3
41428.7	3
41442.7	3
41442.8	3
41678.8	3
41891.8	3
41933.3	3
41955.8	3
41964.7	3
42184.3	3
42199.5	3
42461.8	3
42522.7	3
42611.8	3
42615.8	3
42703	3
42878.1	3
43054.2	3
43133.8	3
43418.7	3
43448	3
43511.9	3
43595.3	3
43623.8	3
43633	3
43721.1	3
43942.7	3
44089	3
44355.5	3
44555.8	3
44623.4	3
44811.4	3
44855.7	3
45078.7	3
45085.1	3
45093.8	3
45115.3	3
45196.7	3
45359.6	3
45618.8	3
45654.7	3
45759.4	3
45933.4	3
45967.2	3
46065.1	3
46145.7	3
46214.1	3
46216	3
46226.1	3
46290.1	3
46623.8	3
46891.1	3
46965.2	3
46967.6	3
47272.7	3
47423	3
47424.8	3
47427.4	3
47626.7	3
47628.2	3
47744.3	3
47768.6	3
47791.5	3
48148.4	3
48326.3	3
48379.7	3
48434.9	3
48458.1	3
48536.5	3
48701.6	3
48870.2	3
48883.8	3
48893.5	3
49005.2	3
49302.9	3
49319.5	3
49351.9	3
49510.3	3
49537.1	3
49744.4	3
49829.2	3
50036.4	3
50058	3
50120.8	3
50242.6	3
50334.8	3
50540.8	3
50625.3	3
50649.6	3
50783.6	3
50939.7	3
50956.8	3
51256.9	3
51259.2	3
51403	3
51418.8	3
51422.6	3
51590.1	3
51766.9	3
51919	3
52004.9	3
52008.8	3
52030.6	3
52112.9	3
52151	3
52213.9	3
52529.9	3
52600.6	3
52731.9	3
52918.1	3
52919.5	3
53039.3	3
53228.5	3
53251.3	3
53271.6	3
53279.2	3
53321.7	3
53387.7	3
53643	3
53855	3
54130.3	3
54192.5	3
54315	3
54331	3
54380.7	3
54422.2	3
54439.1	3
54458.2	3
54542.4	3
54835.9	3
54845.9	3
54990.3	3
55069	3
55225.3	3
55255.3	3
55339	3
55499.3	3
55610.4	3
55667.4	3
55768.7	3
55777.3	3
55844.6	3
55918.3	3
55963.5	3
56047.4	3
56171.7	3
56224.3	3
56893	3
57252.6	3
57332.1	3
57337.3	3
57390	3
57498	3
57690.3	3
57743.5	3
57839.4	3
57849.8	3
57859.6	3
57916.8	3
57928.4	3
57977.4	3
58196.2	3
58248.6	3
58260.7	3
58344.5	3
58370.4	3
58470.2	3
58516.1	3
58520.8	3
58943.3	3
58972.5	3
59125.6	3
59149.7	3
59192.1	3
59328.8	3
59335.4	3
59345	3
59686.6	3
59714.7	3
59779.1	3
59896.7	3
59918.8	3
59936	3
60100.3	3
60305.2	3
60543	3
60620.5	3
61003.5	3
61042	3
61248.7	3
61253.5	3
61322.4	3
61489.9	3
61496	3
61705.7	3
61852.5	3
61891.5	3
61942.5	3
61981.4	3
61985.8	3
62051.8	3
62110.4	3
62275.1	3
62505.4	3
62538.9	3
62787.1	3
62924.6	3
63018.3	3
63146.7	3
63176.9	3
63245.5	3
63290	3
63400.2	3
63463.1	3
63574.2	3
63790.8	3
63906.5	3
63975.5	3
64017.6	3
64112.9	3
64482	3
64594.3	3
64750.6	3
64854.2	3
64860.5	3
65004.3	3
65127	3
65279.9	3
65348.6	3
65393.1	3
65444.6	3
65627.5	3
65865	3
66392.9	3
66471.3	3
66564.8	3
66631.8	3
66634.6	3
66821.3	3
66898	3
66968.9	3
67075.7	3
67085.1	3
67104.4	3
67179.4	3
67228.5	3
67403.1	3
67421.8	3
67617.5	3
67685.5	3
67803.2	3
67972.2	3
68061.9	3
68071	3
68163	3
68185.6	3
68241.5	3
68379.5	3
68428	3
68446.1	3
68513.1	3
68816.5	3
68828.8	3
68862.6	3
68912.6	3
68989.2	3
69071.5	3
69148	3
69157.2	3
69175.4	3
69208.7	3
69271.8	3
69401.4	3
69518.7	3
69595.7	3
69674.3	3
69758.2	3
69832.2	3
69849.9	3
69874.1	3
69962.7	3
70384.3	3
70414.6	3
70498.7	3
70583.5	3
71154.3	3
71173	3
71236.4	3
71307.7	3
71348.6	3
71568.9	3
71705.5	3
71747	3
71982.8	3
72002.9	3
72097.1	3
72148.9	3
72328.1	3
72361.7	3
72386.6	3
72408.3	3
72515.3	3
72536.2	3
72909.5	3
73093.1	3
73152.9	3
73280.4	3
73328.3	3
73794.7	3
73799.6	3
73933.5	3
74012.2	3
74151.5	3
74321.5	3
74409.7	3
74425.5	3
74519.8	3
74616	3
74643.7	3
74663	3
74798.3	3
74808.5	3
74832.2	3
74923.3	3
74953.7	3
75152	3
75260	3
75341.5	3
75380.4	3
75505.7	3
75599.5	3
75600.2	3
75791.7	3
75979.7	3
75981.6	3
76003.4	3
76100.8	3
76172	3
76270.5	3
76305.8	3
76309.9	3
76469.3	3
76504.8	3
76538.1	3
76752	3
77081	3
77094.5	3
77136.1	3
77232.4	3
77248.1	3
77490.7	3
77582.8	3
77604.4	3
77761.4	3
77857.5	3
77944	3
78073.3	3
78493.8	3
78510.9	3
78553.4	3
78734.7	3
79069.9	3
79373.2	3
79602.5	3
79649.6	3
79667.2	3
79828.3	3
79993.8	3
80307.8	3
80393.1	3
80518	3
80582.2	3
80735.1	3
80854.6	3
80909.8	3
81055.9	3
81116.1	3
81506.5	3
82086.4	3
82177.7	3
82215.7	3
82437.6	3
82511.2	3
82542	3
82630.1	3
82639.1	3
82791.4	3
82792.1	3
82798.6	3
82806.8	3
82984.3	3
83003.3	3
83031.1	3
83089.9	3
83179.1	3
83303.2	3
83755.5	3
83815	3
84000	3
84059.8	3
84114.9	3
84158.3	3
84188.9	3
84236.8	3
84519.4	3
84586.5	3
84719.7	3
84745.9	3
84816.8	3
84876	3
84881.2	3
84924.9	3
84947.8	3
84963.1	3
84983.8	3
85004.4	3
85007.2	3
85102.2	3
85158.9	3
85182	3
85190.8	3
85250.8	3
85341.8	3
85646.5	3
85823.7	3
85882.9	3
85950.1	3
85988.3	3
86305.6	3
86343.7	3
86547.8	3
86747	3
86748.4	3
86792.2	3
86873.9	3
86878	3
87291.6	3
87331.9	3
87350.2	3
87485.9	3
87527.1	3
87576.8	3
87639.7	3
87690.9	3
87793.2	3
87935.8	3
87991.6	3
88183.6	3
88299.4	3
88395	3
88433.6	3
88646.8	3
88759.8	3
88879.6	3
88935.4	3
89013.1	3
89153.3	3
89182.5	3
89255.7	3
89618.6	3
89797.7	3
90029.9	3
90061.4	3
90193.5	3
90216.4	3
90446.2	3
90642.8	3
90643.6	3
90650.3	3
90714.5	3
90721.9	3
90730.1	3
91061.3	3
91147.4	3
91364.9	3
91478.6	3
91583	3
91644.6	3
91654.2	3
91953.1	3
92050.2	3
92092.8	3
92125.7	3
92173.8	3
92375.7	3
92404.6	3
92605.1	3
92628.9	3
92762	3
92767.4	3
92886.7	3
92901.1	3
92941.9	3
93188.9	3
93300.9	3
93593.6	3
93764.4	3
93804	3
94262.8	3
94294	3
94321	3
94735.9	3
94746	3
94958.4	3
95130.1	3
95148.6	3
95189.3	3
95423.4	3
95432	3
95465.3	3
95695.9	3
95698.8	3
95802.4	3
95955.5	3
95973.9	3
96019.1	3
96116.9	3
96237.4	3
96458.5	3
96612.6	3
96632.6	3
96695.9	3
96719.6	3
96822.2	3
96863.4	3
96926.8	3
96973.6	3
97021.7	3
97086.2	3
97113.7	3
97228	3
97257.9	3
97276.4	3
97359.4	3
97412.7	3
97733.3	3
97755	3
98169.5	3
98377.7	3
98439.1	3
98626.6	3
98711.1	3
98720.8	3
98751.1	3
98765.2	3
98904.2	3
99290.2	3
99315.3	3
99546.6	3
99880.9	3
99998.5	3
100112	3
100133	3
100252	3
100635	3
100751	3
100785	3
100927	3
100929	3
100972	3
101038	3
101115	3
101303	3
101357	3
101390	3
101401	3
101440	3
101465	3
101538	3
101695	3
101829	3
101889	3
102013	3
102123	3
102169	3
102297	3
102424	3
102446	3
102500	3
102501	3
102508	3
102689	3
102826	3
102850	3
102903	3
103385	3
103648	3
103699	3
103717	3
103769	3
103889	3
103912	3
103999	3
104007	3
104133	3
104392	3
104412	3
104687	3
104702	3
104715	3
104787	3
104904	3
104921	3
105014	3
105015	3
105082	3
105106	3
105375	3
105389	3
105468	3
105473	3
105627	3
105717	3
105722	3
105777	3
47.1548	4
49.0642	4
62.0631	4
114.483	4
166.556	4
301.613	4
733.695	4
802.478	4
1014.86	4
1026.24	4
1209.27	4
1225.62	4
1423.72	4
1472.66	4
1483.45	4
1485.06	4
1663.07	4
1746.68	4
1818.55	4
1872.07	4
2088.94	4
2107.38	4
2181.01	4
2392.52	4
2413.52	4
2496.01	4
2783.28	4
2913.66	4
2988.2	4
3085.93	4
3172.46	4
3176.6	4
3235.59	4
3266.56	4
3314.5	4
3404.43	4
3414.63	4
3462.74	4
3465.66	4
3491.1	4
3726.48	4
3810.4	4
4429.53	4
4604.23	4
4766.46	4
5164.41	4
5190.72	4
5230.36	4
5286.79	4
5358.93	4
5419.65	4
5670.18	4
5802.9	4
5867.74	4
6015.2	4
6035.88	4
6162.72	4
6195.53	4
6434.66	4
6489.13	4
6728.92	4
6777.96	4
6900.12	4
6914.25	4
7045.95	4
7054.53	4
7054.77	4
7314.66	4
7329.9	4
7392.47	4
7527.92	4
7600.1	4
8122.01	4
8162.49	4
8184.82	4
8196.01	4
8269.91	4
8390.93	4
8432.01	4
8488.73	4
8847.12	4
8954.26	4
9139.17	4
9379.45	4
9391.23	4
9472.68	4
9728.26	4
9791.58	4
9851.7	4
9960.91	4
10317.4	4
10429.8	4
10514	4
10844.6	4
10862.1	4
11005.8	4
11086.1	4
11161.7	4
11452.1	4
11453.1	4
11493.5	4
11839.4	4
11851.3	4
12011.3	4
12220.9	4
12266.9	4
12940.2	4
13030.1	4
13239.5	4
13249.4	4
13254.2	4
13297.3	4
13401.8	4
13430.1	4
13529.6	4
13670.4	4
13725.3	4
13897.1	4
13937.9	4
14013.5	4
14030.1	4
14080.9	4
14200.2	4
14200.3	4
14231	4
14251.3	4
14282.8	4
14474.8	4
14557.9	4
14680.7	4
14710	4
14759.4	4
14766.5	4
14857.2	4
14991.1	4
15013.5	4
15033.7	4
15078.6	4
15088	4
15098.8	4
15158.6	4
15474	4
15510.8	4
15588.5	4
15589.5	4
15811.1	4
15821.3	4
15869	4
15943.4	4
15972.5	4
16178.3	4
16284.5	4
16295.4	4
16353	4
16452.2	4
16459.5	4
16618.1	4
16774	4
16855.7	4
16875.9	4
16891.9	4
16961.7	4
17008	4
17060.2	4
17302.3	4
17755.4	4
17844.8	4
18153.8	4
18203.7	4
18296	4
18301.9	4
18325.3	4
18383.1	4
18533.5	4
18538.2	4
18546.3	4
18558.8	4
18561.8	4
18594.9	4
18611.5	4
18664	4
18691.1	4
18732.4	4
18782.3	4
18807.8	4
18887.4	4
19491.1	4
19491.7	4
19595.2	4
19801.2	4
19962.7	4
20131.1	4
20142	4
20283.5	4
20295.4	4
20322.5	4
20412.6	4
20490.3	4
20834.2	4
20883.7	4
21092.2	4
21178.4	4
21217.1	4
21252.2	4
21346.3	4
21462.6	4
21515	4
21724.4	4
21788.1	4
21846.5	4
21883.5	4
21925.8	4
22303.1	4
22314.4	4
22385.2	4
22441.6	4
22445.6	4
22450.9	4
22874	4
23070.1	4
23085	4
23100.8	4
23349.7	4
23574	4
23710.8	4
23730.6	4
23746	4
24036.2	4
24054	4
24078.8	4
24139.9	4
24154.2	4
24282.3	4
24324.8	4
24514.8	4
24679.6	4
24698.5	4
24827.1	4
24857.3	4
24932	4
24935.4	4
24940.3	4
25124.5	4
25181	4
25191.3	4
25201.2	4
25440	4
25500.8	4
25551.8	4
25588.5	4
25643.9	4
25675.8	4
25822	4
26044.7	4
26143.5	4
26145.1	4
26234.8	4
26292.7	4
26320.9	4
26475.7	4
26549.6	4
26680.1	4
26707.3	4
26772.6	4
26865.9	4
26914.1	4
26957.2	4
27044.4	4
27196.2	4
27281.8	4
27337.4	4
27342.4	4
27670.4	4
27693.9	4
27729.2	4
27833	4
27988.4	4
28005.3	4
28044.3	4
28242.6	4
28278	4
28851	4
28865	4
28946.6	4
29068.3	4
29110.9	4
29193	4
29294.4	4
29640.7	4
29651.7	4
29677.2	4
29690.9	4
29755.4	4
29908.2	4
29922.8	4
29964	4
29981.1	4
30239.3	4
30267	4
30289.5	4
30303.9	4
30310.1	4
30317.5	4
30358.5	4
30370.4	4
30434.8	4
30519.1	4
30525.3	4
30601.2	4
30635.3	4
30685.4	4
30803.1	4
30931.5	4
30945.5	4
31234.8	4
31308.7	4
31394.7	4
31399.5	4
31467.7	4
31568.9	4
31703.5	4
31857.8	4
31874.9	4
31902.8	4
31921.8	4
31942	4
32004.1	4
32016	4
32081.7	4
32206.3	4
32368.5	4
32424.3	4
32436.3	4
32627.7	4
32655.8	4
32658.7	4
32806.3	4
32885.5	4
32992.1	4
33435.6	4
33534.7	4
33614.2	4
33746.2	4
33758	4
33905.1	4
33928.7	4
33978	4
34037	4
34066.2	4
34101.4	4
34335.1	4
34608.3	4
34671.9	4
35136.5	4
35284	4
35384.1	4
35427.5	4
35428.7	4
35438.7	4
35500.2	4
35614.2	4
35636.1	4
35661.4	4
35801.2	4
35917.1	4
35996.5	4
36111	4
36163.5	4
36196.5	4
36236.7	4
36318.7	4
36320.8	4
36464.5	4
36514.9	4
36541.8	4
36976.1	4
37095.1	4
37101.3	4
37108	4
37113.6	4
37227.7	4
37257.9	4
37791.8	4
37809.1	4
37868.4	4
37883.2	4
37922.9	4
38104.4	4
38213.6	4
38238.1	4
38330.7	4
38335.9	4
38358.3	4
38364.4	4
38591.1	4
38902.5	4
38956.2	4
38992	4
39052	4
39284.8	4
39551.7	4
39575.6	4
39798.3	4
39975.9	4
39982.3	4
40021.1	4
40120.2	4
40180.1	4
40308.5	4
40369.7	4
40382.7	4
40525	4
40571.3	4
40629.5	4
41010.7	4
41287.4	4
41425.8	4
41542.7	4
41701.5	4
42076.4	4
42208.5	4
42440.3	4
42877.2	4
42924.8	4
43375.5	4
43387.4	4
43659.7	4
43684.9	4
43724.7	4
43766	4
43812.4	4
43838.1	4
43944	4
43975.8	4
44203.1	4
44596.2	4
44601.1	4
44657.6	4
44707.2	4
44788.4	4
44857.6	4
45012.7	4
45155.7	4
45255.2	4
45265.8	4
45562.5	4
45587.6	4
45891.6	4
45938.2	4
46082.2	4
46234.2	4
46320.1	4
46373	4
46376.1	4
46405.6	4
46539.9	4
47050	4
47256.3	4
47256.7	4
47273.7	4
47368.5	4
47376.2	4
47518.4	4
47699.1	4
47718.6	4
47779.1	4
47917.8	4
47925.9	4
47960.6	4
47986.9	4
48057.7	4
48061.4	4
48177.7	4
48180.9	4
48216.2	4
48290.6	4
48330.6	4
48343.3	4
48363.8	4
48614.6	4
48622.1	4
49087.5	4
49128.4	4
49189.5	4
49291.4	4
49347.2	4
49484.1	4
49699.8	4
49819.4	4
49844.6	4
49941.6	4
49994.4	4
50135.3	4
50373.9	4
50464	4
50597.8	4
50718	4
50749.5	4
50753.7	4
50811.3	4
50879.3	4
51035.2	4
51044.9	4
51050.3	4
51064.8	4
51095.3	4
51261.9	4
51615.9	4
51766.6	4
51996.1	4
52030.6	4
52032.2	4
52110.7	4
52123.8	4
52222.5	4
52356.6	4
52362.5	4
52404.6	4
52455.1	4
52520.3	4
52730.6	4
52821.2	4
52945.3	4
53069.3	4
53088.9	4
53155.6	4
53160.9	4
53214.3	4
53253.5	4
53340.7	4
53373.4	4
53395.6	4
53488.7	4
53538.1	4
53608.4	4
53666.1	4
53676.5	4
53765.3	4
53829.3	4
53841.8	4
53943.1	4
54047.4	4
54158.4	4
54281.5	4
54295.9	4
54330.3	4
54354.2	4
54439.4	4
54474.6	4
54477.1	4
54524.2	4
54812	4
54992.3	4
55027.3	4
55055.8	4
55170.9	4
55241.3	4
55247.4	4
55312.6	4
55438.2	4
55588.6	4
55676.2	4
55750.1	4
56160.8	4
56246.3	4
56479.8	4
56540.3	4
56663.9	4
56729.3	4
56748.9	4
56855.8	4
56946.8	4
56991.4	4
57018.4	4
57072.8	4
57211.8	4
57255	4
57283	4
57431.6	4
57684.8	4
57775.2	4
57776.5	4
57826.8	4
57884.5	4
58067.1	4
58248.3	4
58296.9	4
58500.3	4
58660.7	4
58734.9	4
58865.5	4
59164.6	4
59329.1	4
59401	4
59612.6	4
59653.6	4
59720.1	4
59751.1	4
60047.2	4
60110.1	4
60114.8	4
60160.1	4
60205.5	4
60242.5	4
60336.6	4
60400.1	4
60419.4	4
60511.9	4
60542.3	4
60634.3	4
60690.4	4
60957.1	4
61059.3	4
61088.6	4
61413.1	4
61497.6	4
61587.7	4
61618	4
61717.8	4
61724.5	4
61857	4
62076	4
62304.5	4
62381.5	4
62431.6	4
62506.1	4
62698.2	4
62731.3	4
62774.7	4
62851.9	4
62866.8	4
62938.1	4
63002.2	4
63068	4
63105.1	4
63172.8	4
63239.4	4
63251.1	4
63257.5	4
63376.2	4
63430.1	4
63467.1	4
63499.5	4
63548.8	4
64005.4	4
64298.5	4
64361.4	4
64380.8	4
64431.9	4
64852.9	4
64905.8	4
65105.5	4
65166.4	4
65230.1	4
65319	4
65379.2	4
65657.4	4
65712.7	4
65843.3	4
65884.8	4
65940.7	4
66291.9	4
66367.3	4
66389.3	4
66562.8	4
66744.2	4
66875.2	4
67014.5	4
67068.9	4
67146	4
67184.9	4
67330.5	4
67445.1	4
67815.8	4
67937.4	4
67947	4
68256.1	4
68560.7	4
68769.2	4
68814.7	4
68955.1	4
69004.4	4
69012.2	4
69273.2	4
69294.9	4
69366.5	4
69384.2	4
69470.2	4
69492.9	4
69617.1	4
70071.7	4
70092.8	4
70230.4	4
70401.1	4
70787.9	4
71153.5	4
71234.1	4
71428.1	4
71508.3	4
71591	4
71840.9	4
71893	4
72148.2	4
72266.9	4
72323.2	4
72387.8	4
72453.3	4
72552.3	4
72789.9	4
72822.2	4
72871.2	4
73027.7	4
73041.4	4
73306.1	4
73308.2	4
73485.6	4
73714.5	4
73827.5	4
73957.6	4
74253.1	4
74301.2	4
74322.9	4
74596.9	4
74632.6	4
74719.7	4
74963.5	4
74975.8	4
75012.8	4
75037.8	4
75100	4
75107.2	4
75239	4
75241	4
75288	4
75321.8	4
75342	4
75550.4	4
75606.3	4
75621.9	4
75663.7	4
75720.4	4
75903.4	4
75948.9	4
76029.8	4
76165.6	4
76252	4
76256.3	4
76345.4	4
76391.4	4
76415.6	4
76755.1	4
76816.1	4
76850.3	4
77144.7	4
77254.6	4
77284.6	4
77561	4
77720.2	4
77721.9	4
77781.5	4
77865.1	4
77933.1	4
77977.8	4
78065.4	4
78143.2	4
78179.3	4
78262.1	4
78281.1	4
78324.1	4
78564.9	4
78569.8	4
78592.4	4
78706.9	4
78756.2	4
78908.1	4
78926	4
78960.8	4
79034.8	4
79134	4
79466.4	4
79603.1	4
79634.2	4
79799.7	4
79868.8	4
79917.2	4
79950.3	4
80168.2	4
80255.4	4
80257.5	4
80323.1	4
80339.4	4
80362.1	4
80458	4
80481.5	4
80554.3	4
80858.2	4
81034.4	4
81050.2	4
81168.2	4
81444.4	4
81458.2	4
81567.1	4
81688.4	4
81935.7	4
81940.8	4
81968.8	4
81995.4	4
82155.6	4
82157.9	4
82162.5	4
82177.1	4
82185.7	4
82186.8	4
82236.7	4
82239	4
82286.8	4
82311	4
82315.7	4
82408.1	4
82571.9	4
82620.8	4
82835.1	4
82910.5	4
82946.9	4
82987.1	4
83003	4
83088.6	4
83142.1	4
83214.6	4
83270.3	4
83311.7	4
83385.4	4
83408	4
83437.4	4
83581.9	4
83718.3	4
83888.6	4
83935.2	4
83978	4
83984.4	4
84122.9	4
84204.1	4
84635.7	4
84707.6	4
84920	4
85033.3	4
85207.7	4
85523.8	4
85690.8	4
85821.4	4
85843.1	4
85887.2	4
86011.1	4
86066.5	4
86205.4	4
86238.8	4
86268.8	4
86295.7	4
86297.6	4
86302.1	4
86611.6	4
86642.1	4
87009.1	4
87069.5	4
87186.1	4
87225.8	4
87246.7	4
87287.9	4
87369.5	4
87553.2	4
87643.5	4
87910.5	4
88055.5	4
88092	4
88104.2	4
88272.2	4
88317.8	4
88461	4
88522	4
88760.1	4
89149.5	4
89296.3	4
89386.8	4
89398.5	4
89412.4	4
89425.8	4
89747.4	4
89851.4	4
90191.3	4
90289.6	4
90359.2	4
90401.3	4
90596.7	4
90740.1	4
90995.4	4
91281.1	4
91324.7	4
91381.7	4
91441	4
91678.9	4
91767.5	4
92045.6	4
92181.5	4
92434	4
92440.1	4
92484.7	4
92679.5	4
92687.6	4
92692.7	4
92801.5	4
92861.5	4
92970.9	4
93105.5	4
93350.9	4
93548.2	4
93982.4	4
94043.2	4
94076.7	4
94101	4
94343.9	4
94403.6	4
94475.9	4
94544.5	4
94701.1	4
94749.6	4
94909	4
94923.9	4
95079.5	4
95151.9	4
95340.1	4
95368.8	4
95494.4	4
95515.8	4
95904.9	4
96096.1	4
96296.6	4
96313.3	4
96516.9	4
96592.3	4
96871.1	4
97182.6	4
97400.2	4
97457.4	4
97535.8	4
97539.2	4
97722.6	4
97747	4
97978.6	4
98027.5	4
98062.1	4
98098.7	4
98379.5	4
98418.7	4
98477.3	4
98746.9	4
98832.4	4
98863.2	4
99080.8	4
99275.1	4
99284.1	4
99343.5	4
99659.4	4
99723	4
99791.8	4
100704	4
101191	4
101257	4
101261	4
101320	4
101358	4
101407	4
101462	4
101481	4
101564	4
101725	4
101882	4
101962	4
101988	4
102020	4
102029	4
102040	4
102097	4
102292	4
102394	4
102439	4
102582	4
102665	4
102750	4
102770	4
102888	4
102999	4
103085	4
103191	4
103303	4
103564	4
103580	4
103624	4
103666	4
103669	4
103720	4
35.2539	5
45.9741	5
241.463	5
443.975	5
445.535	5
488.01	5
514.927	5
540.619	5
639.226	5
971.587	5
983.275	5
1062.7	5
1180.31	5
1304.49	5
1396.48	5
1487.99	5
1548.27	5
1593.03	5
1713.48	5
1824.11	5
1841	5
1927.87	5
1953.87	5
2005.43	5
2152.38	5
2234.98	5
2282.41	5
2320.23	5
2392.23	5
2479.65	5
2755.07	5
2936.82	5
2949.94	5
2959.32	5
3039.69	5
3050.49	5
3218.53	5
3306.62	5
3565.81	5
3570.63	5
3572.31	5
3685.76	5
3701.27	5
3724.74	5
3887.45	5
4026.17	5
4042.68	5
4100.26	5
4251.02	5
4556.33	5
4611.58	5
4756.41	5
4787.61	5
4907.05	5
4916.38	5
5098.69	5
5323.12	5
5370.57	5
5388.29	5
5480.83	5
5655.99	5
5767.21	5
5867.89	5
5890.1	5
5963.77	5
6067	5
6086.98	5
6155.44	5
6360.96	5
6412.68	5
6460.28	5
6743.43	5
6803.18	5
6990.13	5
7069.24	5
7089.01	5
7177.1	5
7302.48	5
7375.35	5
7393.71	5
7433.94	5
7556.62	5
7596.31	5
7705.72	5
7827.62	5
7864.01	5
7933.91	5
8049.16	5
8143.32	5
8468.13	5
8524.14	5
8574.46	5
8584.57	5
8650.27	5
8833.19	5
9142.32	5
9154.62	5
9216.44	5
9240.22	5
9293.52	5
9382.66	5
9444.35	5
9597.78	5
9768.83	5
9791.76	5
9877.94	5
10035.2	5
10060.7	5
10142.4	5
10205.9	5
10213.4	5
10254.6	5
10285.9	5
10301.7	5
10316.9	5
10321.2	5
10636.2	5
10763.3	5
10835.7	5
10974.5	5
10975.5	5
10992.9	5
11075.3	5
11092.2	5
11209	5
11295.8	5
11369.2	5
11572.1	5
11715.5	5
11847.7	5
11996.4	5
12033.6	5
12072.7	5
12107.2	5
12179.4	5
12298.9	5
12340.1	5
12375.9	5
12420.5	5
12630.4	5
12732.8	5
12806.7	5
12812.8	5
13156.7	5
13176.3	5
13227.7	5
13398.6	5
13594.1	5
13640.5	5
13708.3	5
13728.6	5
14194.3	5
14217.1	5
14347.1	5
14471.2	5
14659.3	5
14739.2	5
14959.7	5
15051.8	5
15061.5	5
15120.8	5
15147.8	5
15150.2	5
15274.5	5
15297.4	5
15326.1	5
15359.5	5
15436.5	5
15528.4	5
15549.5	5
15568.1	5
15613.7	5
15671	5
15784	5
15799	5
15845.9	5
15918.6	5
16032.6	5
16037.8	5
16166.7	5
16190.7	5
16213	5
16304.4	5
16374.3	5
16958.5	5
16984	5
17024.8	5
17147.4	5
17176.3	5
17215.4	5
17273.7	5
17282.5	5
17310	5
17368.2	5
17474.1	5
17483.6	5
17670.4	5
17758.8	5
17908.8	5
17922	5
18044.9	5
18296	5
18319.6	5
18779.9	5
18908.6	5
19046.4	5
19138.7	5
19150.8	5
19214.8	5
19337.8	5
19378.4	5
19386.8	5
19469.9	5
19502.5	5
19549.1	5
19603.7	5
19623.3	5
19681.6	5
19682	5
19796.3	5
19823.2	5
19833.5	5
19939.7	5
20031.4	5
20061.1	5
20191	5
20217.7	5
20230.2	5
20634	5
20646	5
20698.2	5
20864.8	5
20987.9	5
21019.1	5
21076.3	5
21260.9	5
21357.2	5
21372.9	5
21378.1	5
21391.6	5
21639.7	5
21681.7	5
21682.9	5
21917.8	5
21988.7	5
21999.9	5
22092.2	5
22123	5
22155	5
22159.5	5
22438.9	5
22581.8	5
22696	5
22822.3	5
22927	5
23057.3	5
23178	5
23318.6	5
23842.8	5
23857.6	5
23870.4	5
24028.1	5
24080.2	5
24165.8	5
24249.5	5
24286.3	5
24290	5
24358.8	5
24443.8	5
24642.8	5
24761.7	5
24781.6	5
24816.3	5
24865.6	5
24866.6	5
24880.6	5
25205.5	5
25423.6	5
25475.6	5
25481.2	5
25502	5
25511.7	5
25600.9	5
25792.7	5
25814.9	5
25854.5	5
25900.2	5
25900.6	5
25905.4	5
25925	5
26011.9	5
26204.9	5
26275.5	5
26451.9	5
26676.3	5
26708	5
26708.7	5
26712.8	5
26783	5
26994.3	5
27021.1	5
27070.4	5
27131	5
27259.6	5
27569.6	5
27760.4	5
27817	5
27836.6	5
27843	5
27857.5	5
27995.2	5
28261	5
28292	5
28300.8	5
28340.6	5
28382.8	5
28503	5
28536.7	5
28551	5
28816.4	5
28915.1	5
29209.7	5
29261.5	5
29358.6	5
29480.5	5
29579.4	5
29609.8	5
29695.4	5
29711.1	5
29777.5	5
29797	5
29862.3	5
29880.8	5
30032.1	5
30233.6	5
30323	5
30342.8	5
30360.8	5
30513.3	5
30576.2	5
30594.8	5
30705.2	5
31684.1	5
31772.4	5
31927.6	5
32003.2	5
32199.4	5
32279	5
32365.3	5
32401.4	5
32793.7	5
32808.5	5
33041.9	5
33378	5
33402.3	5
33923.7	5
33997	5
34036	5
34074.2	5
34178.8	5
34204.4	5
34237.4	5
34240.5	5
34257	5
34751.8	5
34821.1	5
34895.4	5
35043	5
35056.5	5
35064.7	5
35264.6	5
35476.2	5
35572.8	5
35775.3	5
35800.4	5
35844.3	5
36181.8	5
36212.6	5
36318.2	5
36468.4	5
36614.6	5
36684.3	5
36689.8	5
36709.5	5
36734.2	5
36752.8	5
36820.6	5
36988.9	5
37172.1	5
37332.6	5
37627.2	5
37687.6	5
37727.5	5
37781.1	5
37831.5	5
37984	5
38256.5	5
38377.8	5
38526.4	5
38568	5
38581.5	5
38661.6	5
38865.2	5
38883.2	5
39146.8	5
39198.7	5
39274.4	5
39487.4	5
39512.6	5
39653.7	5
39703.9	5
39733.4	5
39849.5	5
40024.4	5
40027.8	5
40071.1	5
40113	5
40608.4	5
40685.6	5
40903.1	5
40977.1	5
40985.3	5
41105.4	5
41306.2	5
41363.3	5
41594.9	5
41701.8	5
41825.6	5
41861.7	5
41989.8	5
42004	5
42159.5	5
42241	5
42277.6	5
42334.8	5
42343.6	5
42433.5	5
42534.5	5
42596.6	5
42709.1	5
42795	5
43187.1	5
43196.3	5
43290.2	5
43301.3	5
43346	5
43489.6	5
43551.2	5
43563.6	5
43784.4	5
43868.1	5
43895.1	5
43966.9	5
44071.3	5
44074.3	5
44205.3	5
44228.1	5
44278.5	5
44279.4	5
44371	5
44507.9	5
44582.5	5
44744.1	5
44827.6	5
44827.8	5
44858.1	5
44898.9	5
44988.3	5
45019.5	5
45185.5	5
45554.4	5
45594.2	5
45603.4	5
45639.8	5
45689.9	5
45900.2	5
46029.7	5
46237.3	5
46258.7	5
46283.2	5
46358.7	5
46375.2	5
46489.1	5
46675.4	5
46718.1	5
46741.2	5
46767.1	5
47138.6	5
47749.9	5
47818.1	5
47940.5	5
47988.4	5
48263	5
48316.7	5
48386.6	5
48489.9	5
48490.6	5
48518.4	5
48610.6	5
48638.9	5
48745.3	5
48788.1	5
48904.1	5
48937.2	5
49017.9	5
49064	5
49263.3	5
49279.9	5
49288.2	5
49301.1	5
49490.9	5
49641.1	5
49666.8	5
49702.3	5
49747.3	5
49832.9	5
50195.9	5
50332.6	5
50502.9	5
50542.8	5
50603.9	5
50751.5	5
50937.4	5
50997.9	5
51028.3	5
51069	5
51107.9	5
51128.8	5
51193.5	5
51253	5
51315.5	5
51461.3	5
51509	5
51607.2	5
51653.5	5
51754	5
51765.1	5
51885	5
51937.3	5
52028.2	5
52040	5
52166.5	5
52233	5
52239.4	5
52490	5
52521.3	5
52529.7	5
52586	5
52597.6	5
52671.8	5
52703.7	5
52741.7	5
52858.4	5
52919.2	5
52977.1	5
52992	5
53208.4	5
53260.5	5
53426.1	5
53463.1	5
53504.6	5
53635.3	5
54030	5
54118.8	5
54126.1	5
54147.2	5
54575.5	5
54645.3	5
54771.3	5
54791.4	5
54807.2	5
54884.8	5
54893.5	5
54989.6	5
55068.2	5
55079.2	5
55127.3	5
55187.3	5
55400.7	5
55421.6	5
55454.4	5
55531.1	5
55561.4	5
55742.7	5
55863.3	5
55958.5	5
56089.1	5
56159.2	5
56263.2	5
56508.5	5
56611.2	5
56702.5	5
57039.5	5
57108.7	5
57270.2	5
57477.1	5
57478.8	5
57866.6	5
57965.9	5
57998.4	5
58017.3	5
58083.1	5
58151.3	5
58304.9	5
58488.1	5
58508.6	5
58610.4	5
58615.4	5
58654.9	5
58880.7	5
58930.8	5
58954.1	5
59101.9	5
59111.9	5
59248.1	5
59299.7	5
59371.8	5
59455.6	5
59573.1	5
59576.5	5
59850	5
59965.4	5
60400.1	5
60439.6	5
60623.3	5
60914.8	5
60956.3	5
60980	5
61051.7	5
61068.4	5
61165.1	5
61495	5
61633.1	5
61649.8	5
61720.8	5
61835.8	5
61959.8	5
62207.1	5
62294.1	5
62448.4	5
62482.4	5
62611.8	5
62887.1	5
62910.9	5
63063.8	5
63072.1	5
63256.6	5
63306.2	5
63475.2	5
63534.3	5
63653.9	5
63660.8	5
63667.9	5
63783.7	5
63976.4	5
64251.4	5
64305.4	5
64311.1	5
64480.9	5
64505.7	5
64901.1	5
64905.5	5
64963.3	5
65439.7	5
65454.8	5
65618.3	5
65806.4	5
65976.3	5
66025.8	5
66150.2	5
66183.4	5
66236.8	5
66278.4	5
66287.6	5
66677.6	5
66888.6	5
66946.4	5
67131.5	5
67163.1	5
67202.6	5
67271.9	5
67353.4	5
67429.4	5
67450.1	5
67535	5
67643.2	5
67709.3	5
67886.3	5
67888.8	5
67908.5	5
68040.5	5
68193.2	5
68420.5	5
68439.8	5
68460	5
68480.9	5
68564	5
68697.8	5
68788.8	5
68811.5	5
68836.8	5
68837.8	5
69145.7	5
69270.1	5
69368.5	5
69424.2	5
69460	5
69574.8	5
69678.3	5
69714.8	5
69987.3	5
70082.7	5
70185.2	5
70443	5
70540.4	5
70629.3	5
70700.7	5
70703.9	5
70723.1	5
70840.1	5
71035	5
71138.7	5
71149.4	5
71235.8	5
71540.5	5
71588.9	5
71799.2	5
71809.5	5
71841	5
71963.1	5
71963.4	5
71963.9	5
72256.1	5
72267.6	5
72306	5
72455.8	5
72571.8	5
72628.1	5
72733.7	5
72916.7	5
72941.8	5
72967.4	5
73018.3	5
73116.9	5
73244.7	5
73269.7	5
73273.7	5
73283.7	5
73288.6	5
73301.5	5
73326.5	5
73376.4	5
73416.1	5
73540.2	5
73646.5	5
73648	5
73936.4	5
73997.6	5
74177.2	5
74196.1	5
74213.4	5
74289.5	5
74483.9	5
74622.6	5
74632.3	5
74722.4	5
74925.9	5
75006.2	5
75070.9	5
75141.9	5
75201.9	5
75259.5	5
75294.6	5
75337.9	5
75544	5
75791.9	5
75918.6	5
75991.5	5
75998.3	5
76200.8	5
76380.5	5
76528	5
76627.8	5
76730.6	5
76776.7	5
76947.4	5
77117.9	5
77467.9	5
77474.9	5
77626.9	5
77737.5	5
77797.5	5
77945.6	5
78049.3	5
78124.4	5
78334.5	5
78887.3	5
78889.3	5
78956.6	5
79117.2	5
79202.1	5
79478.6	5
79504.1	5
79834.6	5
79906.9	5
80148.6	5
80237.6	5
80427.2	5
80475	5
80641.9	5
80711.3	5
80747.5	5
80846.8	5
81000	5
81021.6	5
81106.8	5
81130.2	5
81373	5
81605.3	5
81621.9	5
81788.9	5
81798.5	5
81870.4	5
82036.6	5
82106.9	5
82372.6	5
82389.1	5
82700.7	5
82834.6	5
82847.7	5
82858	5
82869	5
82941.3	5
83091.2	5
83107.5	5
83109.7	5
83128.8	5
83211.8	5
83281.9	5
83407.3	5
83434.9	5
83460.7	5
83837.9	5
83870.2	5
83877.2	5
83938.4	5
84119.2	5
84186.3	5
84713.6	5
84769.9	5
85009.1	5
85028.1	5
85156.7	5
85206.1	5
85240.3	5
85357.3	5
85389.3	5
85580.2	5
85593.7	5
86214.1	5
86691	5
86692.3	5
86826.7	5
86871.2	5
86952.8	5
86963.3	5
87143.6	5
87185.1	5
87307.9	5
87402.6	5
87520.1	5
87782.7	5
87858	5
88099.4	5
88107.7	5
88143.5	5
88252.3	5
88325.3	5
88359.7	5
88384.6	5
88432.8	5
88507.3	5
88598.5	5
88622.6	5
88741.9	5
88769.9	5
88817.6	5
88858.7	5
88958.8	5
89087.2	5
89337.4	5
89362.7	5
89420.3	5
89425.5	5
89637.2	5
89658.6	5
89667.1	5
90286	5
90356.9	5
90415.8	5
90541.7	5
90607.1	5
90615.3	5
90821.9	5
90913.4	5
90954.3	5
90962.3	5
90986.3	5
91161.6	5
91309.1	5
91355	5
91588.1	5
91622.8	5
91657	5
91729	5
91803	5
91936.6	5
91999.3	5
92068.5	5
92118.7	5
92300.3	5
92370.8	5
92393.4	5
92764.7	5
92791.3	5
92894.1	5
92899.2	5
93011.9	5
93067.5	5
93127	5
93159.5	5
93209.9	5
93881	5
93948.2	5
93952.8	5
94028	5
94312.2	5
94425.4	5
94559.4	5
94767.2	5
94797.4	5
94807.8	5
94843.2	5
94894.1	5
95030.4	5
95071.7	5
95074	5
95085.6	5
95091.3	5
95280.8	5
95948.2	5
96001.7	5
96066.1	5
96253.6	5
96381.1	5
96397.9	5
96470.1	5
96487.5	5
96516.7	5
96704.5	5
96773.8	5
96776.8	5
96841.8	5
97117.7	5
97192.9	5
97254.6	5
97274	5
97325	5
97454.4	5
97511.8	5
97650.5	5
97843.9	5
97975.6	5
98068	5
98258.4	5
98259.7	5
98327.6	5
98545.7	5
98624.5	5
98653.1	5
98992.2	5
99036.8	5
99304.4	5
99335.2	5
99437.1	5
99460.8	5
99510.1	5
99550.5	5
99772.6	5
99803.1	5
99844.8	5
99898.1	5
99907.2	5
100026	5
100133	5
100182	5
100245	5
100258	5
100348	5
100454	5
1.72188	6
43.0573	6
229.013	6
433.907	6
511.472	6
599.961	6
942.777	6
987.925	6
1026.02	6
1193.41	6
1298.15	6
1339.15	6
1368.18	6
1559.18	6
1656.96	6
1766.95	6
1782.22	6
1895.71	6
2096.06	6
2424.04	6
2753.52	6
2797.95	6
2820.44	6
2869.24	6
2903.57	6
2983.58	6
3035.33	6
3285.56	6
3551.16	6
3564.39	6
3759.48	6
3778.5	6
3837.33	6
4075.83	6
4096.81	6
4292.36	6
4369.77	6
4418.38	6
4790.25	6
4823.68	6
5009.01	6
5199.94	6
5218.47	6
5330.86	6
5340.92	6
5358.91	6
5563.81	6
5586.36	6
5698.12	6
5732.44	6
5767.1	6
5827.45	6
6039.56	6
6159.94	6
6167.3	6
6339.72	6
6370.71	6
6389.26	6
6426.31	6
6427.53	6
6580.88	6
6597.67	6
6783.81	6
6786.06	6
6941.25	6
7042.88	6
7147.2	6
7371.77	6
7453.45	6
7497.05	6
7573.66	6
7579.34	6
7780.02	6
7826.3	6
7850.14	6
7896.15	6
7991.03	6
8073.67	6
8122.47	6
8332.9	6
8597.32	6
8668.32	6
8711.55	6
8765.57	6
8889.7	6
9180.53	6
9282.66	6
9339.91	6
9681.43	6
9794.55	6
9861.3	6
9888.47	6
9912.07	6
10126.2	6
10467.3	6
10491.4	6
10512.9	6
10534.2	6
10984.5	6
11032.1	6
11101.3	6
11194.7	6
11377.3	6
11423.9	6
11459.8	6
11678	6
12076.1	6
12162.6	6
12269	6
12465	6
12470.5	6
12488.2	6
12655.3	6
12746.7	6
12748.2	6
12751.6	6
12930.5	6
12952.6	6
12996.6	6
13206.6	6
13220.1	6
13341.8	6
13392.1	6
13399.3	6
13676.4	6
13685.8	6
13821.6	6
13980.6	6
14007.5	6
14033.9	6
14109.3	6
14294.5	6
14551.8	6
14879.6	6
14922.1	6
14995.6	6
15142.9	6
15298	6
15308	6
15326.6	6
15457.3	6
15618.3	6
15639.1	6
15797.4	6
15838.1	6
15889.3	6
15945.8	6
16036.9	6
16037.6	6
16153.6	6
16165	6
16213.5	6
16294.3	6
16393.9	6
16496.5	6
16571.4	6
16622.3	6
16725.3	6
16784.1	6
16865.1	6
17296.3	6
17455.2	6
17494.2	6
17621.8	6
17935	6
17985.5	6
18070	6
18078.2	6
18332.7	6
18456.8	6
18528.3	6
18615.7	6
18692.8	6
18787.9	6
18857	6
18989	6
18996.4	6
19072.1	6
19142.9	6
19234.8	6
19254.8	6
19315.7	6
19327.1	6
19367.2	6
19425.1	6
19436	6
19536.6	6
19602	6
19692.7	6
19815.8	6
19830.5	6
19915.5	6
20093.8	6
20169.8	6
20187.3	6
20214.7	6
20383.4	6
20440.2	6
20460.4	6
20609.3	6
20626	6
20714	6
20738.1	6
20760.6	6
20888.8	6
21008.2	6
21008.6	6
21135	6
21174.1	6
21192.3	6
21410.6	6
21430.3	6
21646.7	6
21753.6	6
21801.4	6
22006.1	6
22028.2	6
22149.9	6
22213	6
22266.7	6
22848.2	6
22920.5	6
23044.2	6
23063.6	6
23422.3	6
23492.1	6
23529.3	6
23575.2	6
23687.2	6
23715.8	6
23783.3	6
23851.5	6
24087.2	6
24132.3	6
24454.1	6
24463.4	6
24510.9	6
24530.3	6
24551.6	6
24634.9	6
24772.7	6
24845.2	6
24906.8	6
24958.9	6
24960.6	6
25008.7	6
25046.2	6
25246.2	6
25289.9	6
25567	6
25755.8	6
25797	6
26082.2	6
26307.3	6
26764.7	6
26851.8	6
26865.4	6
26888.8	6
26909.5	6
27044.5	6
27092.4	6
27525.8	6
27594.5	6
27620.7	6
27640.1	6
27791.4	6
27797.4	6
27814.4	6
27895.2	6
27913.3	6
28175.3	6
28467.3	6
28480.7	6
28709.1	6
28813.6	6
29060.7	6
29239.3	6
29305	6
29348.5	6
29369.6	6
29428	6
29443.7	6
29444.7	6
29561.2	6
29567.1	6
29906.7	6
30090	6
30461	6
30544	6
30623.7	6
30825.4	6
30827.9	6
30875.6	6
30876.5	6
30941.5	6
31104.9	6
31117.9	6
31351.4	6
31472.9	6
31485.5	6
31496.4	6
31559.8	6
31800.3	6
31915.1	6
31936.7	6
31981.3	6
32158.4	6
32281.5	6
32329.2	6
32364.7	6
32610.6	6
32619.4	6
32626	6
32663.1	6
32751.6	6
32819.8	6
32880.8	6
32945.6	6
32985.8	6
33075.2	6
33338	6
33594.7	6
33683.4	6
33801.9	6
33834.4	6
33917.4	6
33928.9	6
34109.8	6
34221	6
34299.4	6
34731.8	6
34837.7	6
34850.3	6
34891.2	6
35317.7	6
35321.4	6
35713.8	6
35742	6
35937	6
36119	6
36123.1	6
36487.7	6
36555.2	6
36783.9	6
36953.5	6
37056.9	6
37280.2	6
37338.5	6
37638.2	6
37774.9	6
37810.6	6
37857.2	6
37859.3	6
38289	6
38370.4	6
38616.2	6
38916.9	6
38933.7	6
38938.4	6
39018.9	6
39038.5	6
39096.8	6
39322.1	6
39717.5	6
39934.7	6
40103	6
40214.4	6
40293.9	6
40349.5	6
40362.1	6
40430.2	6
40459.6	6
40485.5	6
40620.6	6
40640.6	6
40753.6	6
40771	6
40988.3	6
41035.8	6
41101.1	6
41183.8	6
41231.7	6
41288.7	6
41453.9	6
41487.1	6
41504.4	6
41581	6
41676.2	6
41765.6	6
41777.8	6
41874.4	6
41927.6	6
41957.9	6
41976	6
41994.7	6
42005.8	6
42011.4	6
42124.9	6
42173.3	6
42314.9	6
42496.8	6
42616.1	6
42698.5	6
42702.4	6
42788	6
42975.7	6
43045.3	6
43155.9	6
43307.3	6
43376	6
43424.1	6
43443.1	6
43751.5	6
43752.4	6
43813.2	6
43822.6	6
43830.9	6
43941.4	6
44064.1	6
44120.5	6
44181.1	6
44232.6	6
44278.8	6
44520.2	6
44559.1	6
44618.8	6
44880.9	6
44984.8	6
45170.6	6
45281.3	6
45399.8	6
45470.4	6
45614.5	6
45628.6	6
45631	6
45720.7	6
45809.4	6
45895.3	6
46149.1	6
46223.2	6
46258.7	6
46313.5	6
46351.5	6
46568.8	6
46680.2	6
46721.4	6
46722.1	6
46824.8	6
46860.5	6
46948.5	6
47004.6	6
47155.2	6
47207.4	6
47375.4	6
47400.7	6
47443.2	6
47532.1	6
47657.3	6
47788	6
47953.1	6
48283.1	6
48364.1	6
48382.4	6
48438.5	6
48774.8	6
48918.2	6
49215.5	6
49315.2	6
49457.3	6
49465.3	6
49487	6
49501	6
49504.9	6
49733.3	6
49864.1	6
49969.7	6
50075.6	6
50105.1	6
50254.7	6
50461.1	6
50483.3	6
50622.1	6
50634.6	6
50709.1	6
50773.2	6
50806.3	6
50868.9	6
51002.5	6
51011.6	6
51166.8	6
51344.1	6
51362.4	6
51467.1	6
51762.6	6
51855.5	6
52150.8	6
52282.1	6
52318.3	6
52331.1	6
52360.4	6
52413.3	6
52474.9	6
52575.8	6
52659.8	6
52758.7	6
52774.3	6
52817.9	6
52967.1	6
52982.3	6
53013.4	6
53391.9	6
53396.5	6
53466.1	6
53476	6
53748.1	6
53774.4	6
53805.1	6
53896.4	6
54142	6
54343.4	6
54378.1	6
54574.4	6
54607.7	6
54730.6	6
54739.2	6
54817.3	6
54895.8	6
54918.1	6
55036.6	6
55047.1	6
55392	6
55525.7	6
55594.8	6
55638.3	6
55687.9	6
55755.6	6
56159.8	6
56190.1	6
56236.3	6
56540.7	6
56570.9	6
56668.5	6
56828	6
56905.2	6
57153.3	6
57333.7	6
57415.8	6
57480.1	6
57509.3	6
57612.4	6
57618.7	6
57633.5	6
57682	6
57704.2	6
57779.9	6
57828.2	6
58049.9	6
58156.2	6
58227.7	6
58291	6
58324.6	6
58374.2	6
58420.4	6
58652.3	6
58682.5	6
58738.1	6
58987.3	6
59100.8	6
59117	6
59147.7	6
59310.3	6
59328.9	6
59541.2	6
59831.8	6
60001.4	6
60254.4	6
60272.1	6
60427	6
60566.9	6
60588.6	6
60651	6
60784	6
60929.3	6
61108.9	6
61170.7	6
61290.5	6
61399	6
61437.2	6
61676.6	6
61717.6	6
61744.2	6
61822.1	6
61838.2	6
61839.2	6
61941.2	6
62032.1	6
62077.8	6
62087.6	6
62259.4	6
62555.8	6
62630.4	6
62753.3	6
62788.2	6
62830.4	6
62883	6
62977.3	6
63095.4	6
63118.6	6
63170.6	6
63191.9	6
63298	6
63514.7	6
63591.7	6
63759.7	6
63841.5	6
63878.9	6
63892.2	6
63926.3	6
64257.8	6
64355.9	6
64370.1	6
64428.2	6
64699.2	6
64833.1	6
64850.9	6
64948	6
65033.4	6
65058.6	6
65120.2	6
65126.8	6
65205.8	6
65435.7	6
65477.4	6
65543.6	6
65639	6
65732.1	6
65994.1	6
66269.6	6
66372.4	6
66383.1	6
66575.7	6
66706.2	6
66858.2	6
66946.1	6
67211.2	6
67224.4	6
67429.8	6
67432.9	6
67649.8	6
67659.6	6
67712.8	6
67729.5	6
67859.2	6
67874.1	6
67934.3	6
67998.1	6
68041.3	6
68051.9	6
68226.5	6
68409.4	6
68524.8	6
68831.1	6
68851.4	6
68861	6
68979.1	6
69014.1	6
69065.2	6
69089.9	6
69334.9	6
69405	6
69546.5	6
69557.8	6
69593.7	6
69686	6
69757.4	6
69772.7	6
69835.1	6
70030.4	6
70234.8	6
70250.2	6
70319	6
70569.8	6
70619.1	6
70726.2	6
70798.6	6
70832.3	6
70911.5	6
70994.9	6
71009.2	6
71078.3	6
71108.7	6
71114.2	6
71147.2	6
71371	6
71401.7	6
71482.4	6
71485.6	6
71684.4	6
71783	6
72092.2	6
72157.1	6
72289.2	6
72347	6
72397.6	6
72437.4	6
72453.1	6
72702.5	6
72778	6
72800.9	6
72865.6	6
72882.1	6
73008.4	6
73109.1	6
73171.5	6
73187.6	6
73240.7	6
73443.3	6
73539.7	6
73927	6
74026.5	6
74076.9	6
74185.6	6
74198.1	6
74239.2	6
74972.4	6
75274.2	6
75288.7	6
75342.6	6
75473.8	6
75491.5	6
75500.1	6
75762.9	6
75785.8	6
75796.3	6
75910.5	6
75942.7	6
75990.4	6
76200.8	6
76376	6
76403.6	6
76609.6	6
76616.9	6
76704	6
76834.9	6
76894.9	6
76911.7	6
76962.5	6
76997.8	6
77032.8	6
77058.4	6
77132.9	6
77134.2	6
77201.4	6
77246.7	6
77650.5	6
77696.8	6
77886.9	6
77985.5	6
78056.3	6
78071	6
78215.8	6
78219.3	6
78332.8	6
78338.5	6
78422.7	6
78470.2	6
78770.2	6
78830.9	6
78891.3	6
78918.4	6
79175.7	6
79218.1	6
79233.1	6
79350.4	6
79488.9	6
79717	6
79778.6	6
79842.1	6
79874	6
79876.3	6
79902.2	6
80058.3	6
80140.3	6
80199.3	6
80382.3	6
80391.7	6
80533.6	6
80636.4	6
80736.4	6
80780.2	6
80921.7	6
81024.3	6
81024.8	6
81032.2	6
81096.5	6
81153.1	6
81177.5	6
81183.1	6
81220.9	6
81331.1	6
81346.9	6
81436.4	6
81654.3	6
81730.8	6
81803.5	6
81844.3	6
81928.6	6
81973.4	6
81987.7	6
82100.1	6
82200.5	6
82228.7	6
82443.7	6
82736	6
82834.6	6
83210.8	6
83450.6	6
83631.7	6
83733.2	6
83860.4	6
83878.8	6
83952	6
83956.9	6
84086.7	6
84222.7	6
84227.9	6
84392	6
84596.3	6
84635.4	6
84661.5	6
84814.5	6
84864.9	6
84906.4	6
84920.6	6
85079.7	6
85092.7	6
85101.3	6
85166	6
85193.5	6
85255.8	6
85264.1	6
85471.8	6
85715.9	6
85730.8	6
85742.2	6
85813.2	6
85878.9	6
86138.5	6
86143.5	6
86206.4	6
86241.6	6
86359.1	6
86508.4	6
86636.1	6
86649.5	6
86780.1	6
86842.7	6
86921.2	6
86930.6	6
86962.4	6
87083	6
87412.8	6
87424.1	6
87482.2	6
87621.9	6
87625.9	6
87741.2	6
87826.1	6
87833.1	6
87907.9	6
87910.5	6
88033.5	6
88078.8	6
88131.3	6
88152.9	6
88296.3	6
88322.4	6
88439.8	6
88526.3	6
88539.3	6
88617.4	6
88827.4	6
88846.3	6
88990.6	6
89115.2	6
89208.7	6
89302.5	6
89321.2	6
89409.9	6
89488.9	6
89500	6
89738.5	6
89770.3	6
89856.1	6
89956.2	6
90008.5	6
90023	6
90117.5	6
90155.8	6
90157.2	6
90171.4	6
90199.4	6
90200.8	6
90277.8	6
90320.5	6
90376.4	6
90469.5	6
90523	6
90687.5	6
90703.5	6
91071	6
91246.1	6
91289.9	6
91320.4	6
91400.6	6
91422	6
91551	6
91602.9	6
91614.4	6
91663.7	6
91740.5	6
91977.1	6
92275.5	6
92365.2	6
92394.1	6
92781	6
92802.8	6
92977.9	6
93016.5	6
93126.8	6
93214	6
93251.2	6
93272.8	6
93310.8	6
93396.5	6
93418.4	6
93585.9	6
93934.1	6
94088.3	6
94406.7	6
94588.7	6
94698	6
94883	6
94915.8	6
94976.6	6
94984	6
95432.5	6
95504.5	6
95588.6	6
95673	6
95750.8	6
95772.8	6
95809.9	6
95842.1	6
95869.4	6
95881.9	6
95902.1	6
95951.2	6
96071.2	6
96126.4	6
96135.7	6
96368.5	6
96440.6	6
96451.7	6
96455.3	6
96549.7	6
96831.1	6
96852.9	6
96920.6	6
96921.6	6
97022.2	6
97046.8	6
97090.6	6
97180.4	6
97186.9	6
97312.1	6
97530.4	6
97870.8	6
97925.7	6
98193	6
98242.3	6
98250.6	6
98397.6	6
98603	6
98750.7	6
98875.8	6
98934.9	6
98976.6	6
99107.2	6
99148.8	6
99481	6
99492	6
99934.1	6
100057	6
100281	6
100439	6
100593	6
100621	6
100720	6
101029	6
123.721	7
131.284	7
204.182	7
293.329	7
492.691	7
634.192	7
733.228	7
904.146	7
931.155	7
1115.68	7
1326.9	7
1377.09	7
1410.92	7
1517.38	7
1665	7
1773.27	7
1849.51	7
1953.08	7
2113.47	7
2202.33	7
2318.11	7
2463.02	7
2546.7	7
2633.44	7
2731.03	7
2818.81	7
2890.78	7
2939.81	7
3282.03	7
3604.22	7
3605.78	7
3797.98	7
4137.07	7
4276.63	7
4428.81	7
4647.49	7
4911.72	7
5159.43	7
5202.65	7
5431.46	7
5447.27	7
5775.16	7
5775.32	7
5800.95	7
5899.52	7
5947.06	7
5993.57	7
6065.43	7
6219.49	7
6224.2	7
6257.22	7
6282.18	7
6287.36	7
6417.18	7
6425.01	7
6429.82	7
6477.77	7
6602.55	7
6723.76	7
6762.88	7
6805.6	7
6934.44	7
7023.87	7
7037.32	7
7053.23	7
7458.13	7
7496.23	7
7644.49	7
7675.12	7
7688.87	7
7704.15	7
7768.66	7
7844.52	7
8099.37	7
8261.22	7
8346.17	7
8444.96	7
8472.96	7
8525.88	7
8533.92	7
8586.89	7
8591.02	7
8595.75	7
8903.44	7
9317.3	7
9445.21	7
9493.95	7
9581.15	7
9619.65	7
9745.78	7
10129.5	7
10152.1	7
10325.7	7
10476.7	7
10482.8	7
10565.6	7
10667.9	7
10724.6	7
10762.8	7
10775.7	7
10874.3	7
10962.2	7
10965	7
11274.7	7
11337	7
11455.5	7
11484.3	7
11539.4	7
11719.7	7
11779.7	7
11929	7
11935.6	7
12013.6	7
12038.7	7
12093.3	7
12123.4	7
12124.2	7
12258.2	7
12339.7	7
12395.2	7
12502.1	7
12575.8	7
12635	7
12794.2	7
12824.3	7
12981.3	7
13094.8	7
13125.5	7
13197.8	7
13456.8	7
13470.5	7
13504.2	7
13518.8	7
13642.5	7
13845	7
13854.9	7
13874.1	7
13880.8	7
14043.6	7
14528.8	7
14540.5	7
14621.3	7
14644.2	7
14826.7	7
15068.9	7
15195.6	7
15266.6	7
15308.2	7
15364.2	7
15419.9	7
15427.8	7
15561.7	7
15609.6	7
15626.6	7
15878.2	7
16030.3	7
16197.5	7
16225.3	7
16296.8	7
16382.6	7
16479.3	7
16488.6	7
16750.2	7
16810.7	7
16910	7
17094.5	7
17131.8	7
17259.7	7
17289.5	7
17336.6	7
17341.5	7
17530.1	7
17726.2	7
17798	7
18068.3	7
18157.3	7
18277.1	7
18283.1	7
18386.8	7
18482.4	7
18592.5	7
18694.5	7
18737.7	7
18869.4	7
19005	7
19065.1	7
19136	7
19395.1	7
19449.4	7
19525.6	7
19592	7
19832.2	7
19854.3	7
19891.5	7
20089.2	7
20099.3	7
20129.9	7
20250.6	7
20667.6	7
20965.9	7
21186.4	7
21213.7	7
21229.5	7
21238.8	7
21325.8	7
21409.4	7
21409.7	7
21420.1	7
21595.9	7
21707.2	7
21882.6	7
22007.8	7
22089.9	7
22123.8	7
22448.4	7
22470.6	7
22491.5	7
22691.3	7
22731.2	7
22748.6	7
22783.2	7
22895	7
23168.9	7
23184.4	7
23262.3	7
23298.3	7
23383.9	7
23400	7
23405	7
23608.2	7
23612.9	7
23696.2	7
23814.7	7
23952.6	7
24375	7
24377.3	7
24377.7	7
24396.6	7
24402.6	7
24557	7
24572	7
24595.2	7
24903.1	7
24990	7
25038.7	7
25052.9	7
25075.8	7
25208.1	7
25354	7
25526.6	7
25622	7
25687.1	7
25712.8	7
25919	7
25952.7	7
26122.2	7
26127.6	7
26197.1	7
26215.4	7
26292.5	7
26305.9	7
26366.9	7
26492.7	7
26579.1	7
26831.7	7
26918	7
27141.8	7
27189.9	7
27355.8	7
27415.8	7
27466.2	7
27527.6	7
27756.2	7
27812.3	7
27918	7
28080.4	7
28228.6	7
28306.9	7
28378.1	7
28418.9	7
28535.1	7
28717.4	7
28780.2	7
28782.1	7
28845.2	7
28860.6	7
29073.8	7
29105.6	7
29351.1	7
29546.5	7
29589	7
29615.5	7
29835.4	7
29880.5	7
29881	7
29943	7
30084.3	7
30096.6	7
30100.3	7
30124.9	7
30222.6	7
30241.7	7
30274.7	7
30364	7
30389.2	7
30400.6	7
30414.9	7
30428.5	7
30435	7
30492.7	7
30675.1	7
31018.6	7
31433.1	7
31449.4	7
31511.1	7
31666	7
31681	7
31705.2	7
31775.8	7
31899.7	7
31952	7
32060.9	7
32408.6	7
32409	7
32493.6	7
32628.6	7
32724.3	7
32734	7
33146.6	7
33159.9	7
33171.1	7
33194.4	7
33558.7	7
33649.6	7
33674.1	7
33762.8	7
33801.7	7
33841.9	7
33869.7	7
33912.2	7
34079.8	7
34219.8	7
34276.1	7
34282.5	7
34330.3	7
34369.3	7
34950.6	7
35084	7
35102.2	7
35115.3	7
35225.2	7
35227.4	7
35349.6	7
35496.6	7
35528	7
35532	7
35559.2	7
35841.5	7
35890.9	7
35995.6	7
36161.4	7
36170.5	7
36180.6	7
36231.4	7
36248	7
36519.9	7
36750.2	7
36791.7	7
36997.7	7
37041.3	7
37052	7
37522.4	7
37545.3	7
37618.6	7
37640.6	7
37689.4	7
37800	7
37857.6	7
37889.8	7
38013.7	7
38022.1	7
38028.9	7
38116	7
38316.1	7
38369.5	7
38391.8	7
38517.1	7
38526.7	7
38633.7	7
38706.8	7
38876.2	7
38876.2	7
39194.2	7
39198.5	7
39287.2	7
39651.9	7
39654.9	7
39702.9	7
39716.7	7
39744.8	7
39755.8	7
39793.2	7
39918.1	7
39957.4	7
40220.7	7
40333.5	7
40360.9	7
40478	7
40488.6	7
40514.1	7
40830.5	7
40956.4	7
40968.3	7
40979.4	7
41077.1	7
41214.2	7
41265.3	7
41480.4	7
41489	7
41503.6	7
41504.6	7
41534.7	7
41583.5	7
41900.6	7
41958.1	7
42383.5	7
42398.4	7
42587.4	7
42821.6	7
42838.8	7
42899.4	7
42929.5	7
42952.3	7
43001.9	7
43031.1	7
43198	7
43396.7	7
43513.5	7
43522.2	7
43873.2	7
44015	7
44035.7	7
44110.9	7
44293.9	7
44404.3	7
44594.2	7
44632.6	7
44942.3	7
44960.7	7
44999.2	7
45182	7
45309.1	7
45480	7
45525	7
45546.7	7
45727.3	7
45841.9	7
45887.1	7
46102	7
46121.2	7
46145.1	7
46178.1	7
46246.3	7
46309.2	7
46328.1	7
46471.3	7
46474.2	7
46494.2	7
46514.4	7
46755.8	7
46868	7
46895.2	7
47098.7	7
47138.6	7
47287.8	7
47537.1	7
47543.7	7
47736.2	7
47851.5	7
47889.3	7
48073.4	7
48103.2	7
48347.4	7
48386.9	7
48467	7
48607.9	7
48621.1	7
48621.9	7
48758.8	7
48802.2	7
48972.2	7
49080.6	7
49275.9	7
49321.2	7
49344.9	7
49386.5	7
49399.5	7
49431.1	7
49462.5	7
49476.9	7
49558.6	7
49570	7
49584.6	7
49635.6	7
49733.3	7
49856.8	7
49966.4	7
50355.5	7
50392.2	7
50655	7
50693.6	7
50702.8	7
50722.4	7
50878.9	7
51076.9	7
51221.7	7
51230	7
51244.6	7
51259.4	7
51420.4	7
51474.4	7
51488.1	7
51627.7	7
51784.4	7
51809.5	7
51871.6	7
51925.4	7
52263.6	7
52353.2	7
52396.5	7
52457.4	7
52511.2	7
52611.7	7
52615.9	7
52686.2	7
52776	7
52861.1	7
53238.6	7
53281.1	7
53301.6	7
53320.6	7
53357.6	7
53621.8	7
53643.4	7
53686.8	7
53934.6	7
53953.5	7
54052	7
54166.2	7
54181.7	7
54197	7
54235.4	7
54257.1	7
54491.6	7
54511.1	7
54767.3	7
54913.1	7
54925.1	7
54987.9	7
55087.6	7
55297.4	7
55317.9	7
55427.7	7
55533.6	7
55546.4	7
55860.4	7
55897.7	7
56076.5	7
56226.4	7
56285.1	7
56326.4	7
56438.3	7
56458.7	7
56546.3	7
56774.6	7
56798.8	7
56866.8	7
56936.3	7
57098.4	7
57185	7
57270.6	7
57275.8	7
57441.6	7
57612	7
57701	7
57716.5	7
57781.7	7
57967.9	7
58031.4	7
58204.5	7
58237.7	7
58321.5	7
58366.2	7
58396.4	7
58514.9	7
58559.2	7
58695.6	7
58760.7	7
58836.6	7
58922.6	7
59302.3	7
59305.7	7
59342.7	7
59480.6	7
59659.6	7
59674.9	7
59743.4	7
60052.3	7
60432.1	7
60474.5	7
60677.2	7
60688.3	7
60716.9	7
60733.1	7
60996	7
61117.1	7
61121.4	7
61351.2	7
61404.1	7
61406.4	7
61492.8	7
61610.2	7
61622.6	7
61697.4	7
62059.6	7
62118.4	7
62135.8	7
62166.8	7
62167.3	7
62372.9	7
62626.9	7
62659.1	7
62810.3	7
62982	7
63151.9	7
63224.3	7
63321.7	7
63357.9	7
63359.2	7
63397.9	7
63405.7	7
63495.1	7
63558.8	7
63591	7
63641.6	7
63838.3	7
64193.7	7
64239.5	7
64292.2	7
64347	7
64448.3	7
64473.2	7
64539.4	7
64549.9	7
64625.6	7
64640.5	7
64670.8	7
64765.1	7
65092.1	7
65172.3	7
65199.6	7
65240	7
65656.3	7
65884.1	7
65948.2	7
65972.6	7
66059.9	7
66325.3	7
66507.6	7
66514.6	7
66515.1	7
66618.4	7
66656.1	7
66709.2	7
66810.7	7
66844.3	7
66869.2	7
66897.7	7
66937	7
67050	7
67170.6	7
67180.6	7
67194.8	7
67241	7
67367.1	7
67378	7
67427	7
67630	7
67759	7
67775.7	7
67788.6	7
67835.8	7
67970.5	7
68017.8	7
68189.4	7
68565.2	7
68648.8	7
68652.6	7
68846.6	7
68910.4	7
68911.6	7
68928.2	7
69089.5	7
69296.9	7
69489.1	7
69520.9	7
69601.7	7
69666.7	7
69787.9	7
69816.7	7
69828.9	7
69975.2	7
70134.5	7
70236	7
70355.9	7
70363.4	7
70363.5	7
70400.5	7
70796.8	7
70992.8	7
71031.8	7
71216	7
71216.7	7
71229.6	7
71234.6	7
71330.4	7
71790.6	7
71840.8	7
71872.3	7
71883.4	7
71930.2	7
72053.5	7
72125.1	7
72278.2	7
72381.1	7
72425.5	7
72490.7	7
72573.5	7
72767.9	7
72911.4	7
72947.9	7
73179	7
73656.8	7
73772.8	7
73877.8	7
73996.7	7
74003.8	7
74004	7
74136.7	7
74270.9	7
74631.3	7
74631.9	7
74672.9	7
74702.4	7
74738.4	7
74786.5	7
74849.3	7
74902.6	7
74923.1	7
75174.4	7
75246.6	7
75492.6	7
75531.6	7
75574.5	7
75635	7
75683.3	7
75727.9	7
75839.2	7
75900	7
76003	7
76098.3	7
76179.7	7
76237.2	7
76287.3	7
76348.4	7
76607.8	7
76818.3	7
76874.5	7
76885.3	7
76975.9	7
76980.9	7
77044.3	7
77073.2	7
77116.3	7
77150	7
77236.6	7
77258.2	7
77260.8	7
77464.8	7
77589.1	7
77595.5	7
77639.4	7
77684.7	7
77894.8	7
77994.3	7
78030.9	7
78035.3	7
78075	7
78110	7
78168	7
78248.3	7
78276.6	7
78367.5	7
78466	7
78576.7	7
78888	7
78926.5	7
79176.5	7
79231.5	7
79292.6	7
79349.7	7
79354.8	7
79491.4	7
79615.8	7
79683.9	7
79691	7
79720	7
79881	7
80003.3	7
80132.8	7
80172	7
80280.6	7
80289.9	7
80383.2	7
80451.4	7
80756.4	7
80805.5	7
80928	7
81050.5	7
81171.6	7
81276.3	7
81315.4	7
81497.4	7
81547.7	7
81573	7
81661.8	7
81741	7
81817.9	7
81840	7
81928.9	7
82088.8	7
82137.4	7
82203.1	7
82213.1	7
82248.9	7
82307	7
82383.8	7
82635.5	7
82663.5	7
82792.7	7
82979.1	7
83037.2	7
83119	7
83160.3	7
83168.2	7
83341.7	7
83400.3	7
83436.9	7
83502	7
83571	7
83697.5	7
83739.7	7
83757.8	7
83779.2	7
83835	7
83905.4	7
83960.2	7
83990.7	7
83996.8	7
84258.6	7
84376.5	7
84459.2	7
84819.4	7
85185.7	7
85202.7	7
85437	7
86013.2	7
86014.2	7
86131.1	7
86136.5	7
86249.2	7
86369.4	7
86394.5	7
86478.8	7
86532.2	7
86601.4	7
86645	7
86688.4	7
86826.8	7
87014.5	7
87104.6	7
87199.3	7
87207.8	7
87553	7
87791	7
87845	7
87864.2	7
87949.3	7
88013.8	7
88027.6	7
88070.5	7
88074.8	7
88136.9	7
88236.6	7
88246.1	7
88353.2	7
88474	7
88518.5	7
88593.7	7
88636.2	7
88722.9	7
88959.8	7
89135.1	7
89244.4	7
89356.3	7
89505.7	7
89535.8	7
89557.6	7
89577.3	7
89640.1	7
89764.3	7
89968.4	7
90093.9	7
90211.9	7
90478.8	7
90687.7	7
90692.6	7
90943.6	7
91007.8	7
91062	7
91409.1	7
91516.6	7
91521.1	7
92008.8	7
92194.4	7
92213.3	7
92316.6	7
92719.1	7
92741.8	7
92825.6	7
92937.4	7
93067.5	7
93106.3	7
93239.4	7
93404.2	7
93503.8	7
93515.7	7
93582.7	7
93635.5	7
93696.9	7
93699.3	7
93734.3	7
93767	7
93952.9	7
94103	7
94422.6	7
94622.9	7
94623.6	7
94656	7
94922.5	7
94927.7	7
95085	7
95258.1	7
95317.7	7
95349.2	7
95534.4	7
95590.9	7
95598.9	7
95759.4	7
95864.7	7
95886.5	7
95897.5	7
95943.3	7
96067.7	7
96126.3	7
96276	7
96331.1	7
96566.7	7
96744.4	7
96867.9	7
96932.7	7
97070	7
97120.8	7
97130.6	7
97223.8	7
97263	7
97306.2	7
97419.5	7
97422.5	7
97558.8	7
97738.2	7
97816.8	7
97893.5	7
97942.6	7
98005.8	7
98228.2	7
98246.5	7
98298.5	7
98325.1	7
98572.4	7
19.3434	8
75.3229	8
119.351	8
158.395	8
285.411	8
288.555	8
551.93	8
602.245	8
721.305	8
891.966	8
913.121	8
927.582	8
1092.45	8
1120.43	8
1244.38	8
1338.67	8
1407.08	8
1468.06	8
1627.58	8
1814.28	8
1829.74	8
1860.12	8
1935.91	8
1936.68	8
1977.04	8
2043.17	8
2104.68	8
2167.18	8
2377.96	8
2657.8	8
2758.11	8
2943.46	8
3030.71	8
3037.73	8
3301.48	8
3389.47	8
3456.92	8
3712.18	8
3885.71	8
3940.06	8
3973.72	8
4021.42	8
4294.61	8
4463.17	8
4875.44	8
5008.5	8
5123.91	8
5186.6	8
5198.08	8
5422.56	8
5540.16	8
5823.82	8
6020.56	8
6043	8
6145.83	8
6162.06	8
6190.74	8
6368.76	8
6385.81	8
6388.61	8
6469.24	8
6500.26	8
6592.52	8
6683.58	8
6726.02	8
7014.42	8
7029.14	8
7334.87	8
7336.57	8
7413.79	8
7451.63	8
7457.86	8
7481.52	8
7757.07	8
7806.91	8
7925.77	8
8063.12	8
8121.04	8
8366.13	8
8383.97	8
8400.98	8
8584.53	8
8649.32	8
8817.31	8
8947.08	8
9208.82	8
9370.98	8
9604.72	8
9704.41	8
9764.4	8
9899.76	8
9939.03	8
9959.1	8
10140.6	8
10256.3	8
10337.5	8
10404.1	8
10464.6	8
10540.7	8
10621.3	8
10725.2	8
10778.9	8
10800.2	8
11129.8	8
11187.7	8
11213.7	8
11425	8
11635.5	8
11763.1	8
11840.9	8
12021.9	8
12268.5	8
12272.7	8
12273.5	8
12280.2	8
12297.8	8
12586.7	8
13007.6	8
13019.7	8
13093.8	8
13199.7	8
13212.3	8
13284.6	8
13289.9	8
13310	8
13599	8
13717.6	8
13750.1	8
13823.1	8
14066.4	8
14285.5	8
14438.8	8
14551.2	8
14558.7	8
14572.8	8
14578.7	8
14843	8
14869.6	8
14922.9	8
14976.6	8
15049.9	8
15081.5	8
15105.6	8
15147.5	8
15193.2	8
15331.1	8
15499.9	8
15634.1	8
15643.1	8
15689	8
15702.4	8
15939.9	8
16055.8	8
16141.5	8
16265.3	8
16386.9	8
16394.9	8
16557.8	8
16576.8	8
16723	8
17009.4	8
17026.3	8
17028.9	8
17035.8	8
17040.5	8
17183.4	8
17303.4	8
17313.7	8
17344.4	8
17439.4	8
17543.7	8
17592.7	8
17703	8
18142.3	8
18291.8	8
18303.1	8
18319.8	8
18633.3	8
18638	8
18748.9	8
18797.5	8
18935.6	8
18947.2	8
18956.4	8
19055.8	8
19069.2	8
19141.3	8
19201.1	8
19421	8
19741.8	8
19747.4	8
19849.3	8
19933	8
20016.6	8
20065.8	8
20302.3	8
20460.1	8
20494.4	8
20596.5	8
20689.6	8
20820.3	8
20919.6	8
20974.5	8
20988.9	8
21019.1	8
21092.3	8
21115.5	8
21182.3	8
21323.5	8
21461.6	8
21489.9	8
21510.4	8
21824.1	8
21967.6	8
22422.9	8
22459.7	8
22472.1	8
22651.8	8
22765.1	8
22978.5	8
23346.8	8
23369.3	8
23543.1	8
23591	8
23631.6	8
23642.7	8
23675.3	8
23711.3	8
23806.2	8
23880.3	8
23883	8
23900.5	8
23909.9	8
24003.5	8
24034.1	8
24071.2	8
24077.3	8
24322.2	8
24574.4	8
24678.9	8
24780.5	8
24827.1	8
24837.8	8
24842.4	8
24848.2	8
24920	8
24967.8	8
24975.6	8
25019	8
25019.1	8
25084.9	8
25106.1	8
25173.3	8
25261.7	8
25322.1	8
25367.1	8
25393.2	8
25714.9	8
25736.9	8
25906.5	8
26000.4	8
26080.3	8
26086.4	8
26099.2	8
26149.7	8
26158.8	8
26187	8
26255.8	8
26475.3	8
26564.5	8
26617.9	8
26665.1	8
26880.6	8
26951.9	8
27241	8
27282.9	8
27288.4	8
27450.6	8
27490.7	8
27504.7	8
27527.5	8
27633.7	8
27690.6	8
27866.1	8
28001.3	8
28190.3	8
28288.8	8
28303.5	8
28504.6	8
28612.6	8
28718.6	8
28864.6	8
29102.9	8
29220.7	8
29243.1	8
29275.9	8
29295.3	8
29339.7	8
29343.2	8
29378.1	8
29378.9	8
29392.9	8
29771.2	8
30038.6	8
30059.2	8
30173.4	8
30174.7	8
30237.4	8
30515.5	8
30546.9	8
30607.2	8
30638.9	8
30650.2	8
30658.6	8
30734	8
30848.5	8
30908.1	8
30972.4	8
30973.2	8
31331.1	8
31640.7	8
31665.8	8
31739.5	8
31810.9	8
31840.7	8
31912	8
31943.2	8
31944.1	8
32018.9	8
32065.3	8
32097.8	8
32154.3	8
32174	8
32229.6	8
32388.1	8
32396.6	8
32470.2	8
32485.3	8
32501.5	8
32515.5	8
32582.7	8
32600.7	8
32640.3	8
32719.6	8
32771.8	8
32911	8
32918.7	8
33123.9	8
33189.3	8
33201.4	8
33419.3	8
33508.2	8
33568.9	8
33599.3	8
33649.5	8
33704.5	8
34055.9	8
34449	8
34546.6	8
34562.6	8
34590.2	8
34652.6	8
34729.4	8
34817.6	8
34834.6	8
34964.6	8
35049.4	8
35192.2	8
35380.2	8
35480.4	8
35504.8	8
35848.5	8
35932.1	8
36006.7	8
36037.2	8
36038.3	8
36064.5	8
36128.4	8
36168.8	8
36194	8
36199.6	8
36276.8	8
36376.9	8
36504	8
36865	8
36997.6	8
37104.1	8
37165.7	8
37187	8
37366.2	8
37370.6	8
37448.4	8
37482.4	8
37498.5	8
37537.9	8
37542.8	8
37635.1	8
37809.3	8
37835.8	8
37845.7	8
37945.9	8
38026.1	8
38049.2	8
38193.2	8
38263	8
38377.4	8
38390.8	8
38453.5	8
38526.8	8
38557	8
38743.4	8
38745.3	8
38797.5	8
38923.9	8
39003.7	8
39070.2	8
39259.7	8
39314.1	8
39519.5	8
39670.2	8
39746.5	8
39779.1	8
39868	8
39924.1	8
39988	8
40095.3	8
40438.6	8
40523.5	8
40618.4	8
40899.4	8
41050.1	8
41078.2	8
41150.6	8
41236	8
41439.2	8
41521.9	8
41558.8	8
41697.6	8
42124.4	8
42435	8
42563.3	8
43073.3	8
43127.9	8
43232.8	8
43600.9	8
43708.9	8
43824	8
44032.5	8
44040.5	8
44072.9	8
44178.3	8
44259.7	8
44277.8	8
44349	8
44401.5	8
44505.3	8
44548.5	8
44558.7	8
44615.5	8
44630.4	8
44755.4	8
44893	8
45039.3	8
45256.5	8
45264.5	8
45386.5	8
45386.8	8
45426.4	8
45431.9	8
45500.4	8
45723	8
45818.9	8
45966.8	8
45970.1	8
46052.2	8
46308.8	8
46414.8	8
46418.6	8
46489.6	8
46505.9	8
46563.6	8
46869.8	8
47128	8
47223.7	8
47362.6	8
47476.5	8
47661.7	8
47690.2	8
47831.4	8
47859	8
47925.3	8
47936.6	8
48091.1	8
48505	8
48647.3	8
48756	8
48804.6	8
49150.5	8
49163	8
49212.9	8
49297.2	8
49313.6	8
49565.9	8
49636.1	8
49736.3	8
49808	8
49870.6	8
49921.8	8
49929.6	8
49934.2	8
50434.1	8
50456.4	8
50520	8
50690.5	8
50706.4	8
50797.5	8
50818.1	8
50840.2	8
50882.6	8
50903.3	8
51143	8
51205.5	8
51259	8
51412.6	8
51431.1	8
51448.4	8
51542.1	8
51625.1	8
51869.2	8
52019.9	8
52274.7	8
52446.5	8
52498.3	8
52581.2	8
52609.1	8
52630.1	8
52677.8	8
52714.6	8
53080.7	8
53117.2	8
53168.2	8
53392.4	8
53442.3	8
53451.8	8
53473.9	8
53512.8	8
53588.5	8
53864.5	8
53888	8
53946	8
53996.3	8
54052.8	8
54054	8
54268.1	8
54288.2	8
54410.4	8
54623.1	8
54646.4	8
54765.8	8
55077	8
55298.9	8
55357.9	8
55591.3	8
55719.9	8
55794.1	8
55821.7	8
55882.7	8
55886.2	8
55957	8
56345.5	8
56452.7	8
56478.9	8
56684.2	8
57008.1	8
57386.7	8
57393.7	8
57497.6	8
57540.7	8
57567.3	8
57626.5	8
57683.6	8
57686.2	8
57720.1	8
57759.5	8
57955.6	8
58014.9	8
58035.7	8
58254.3	8
58267.6	8
58350.7	8
58367.5	8
58634.4	8
58722.3	8
58759.2	8
58794.2	8
58898.9	8
58916.8	8
59099	8
59505.5	8
59841.6	8
59951.5	8
59972.1	8
60158.3	8
60212.7	8
60243.5	8
60310.3	8
60429.5	8
60490.4	8
60492.3	8
60670.3	8
60755.5	8
60869.7	8
60872.2	8
61018.2	8
61170.7	8
61272.5	8
61353.6	8
61491.9	8
61572.4	8
61577.8	8
61639.6	8
61715	8
61793.3	8
62117.5	8
62127.1	8
62288.2	8
62312.5	8
62464.6	8
62472.9	8
62510	8
62522.3	8
62533.6	8
62618.5	8
62629.4	8
62629.7	8
62715	8
62715.8	8
62795.2	8
62912.7	8
62978.7	8
63017.9	8
63088.1	8
63117	8
63197.6	8
63234.4	8
63261.7	8
63356.7	8
63384.5	8
63398.7	8
63461.9	8
63574	8
63792.6	8
63966.8	8
63966.9	8
64094.2	8
64296.3	8
64338	8
64362.2	8
64450.7	8
64464.3	8
64494.4	8
64754.1	8
64800.4	8
64818.6	8
64850.2	8
64887.4	8
64907.6	8
65187.9	8
65281.8	8
65309.6	8
65310.2	8
65384.6	8
65435.8	8
65684.5	8
65786.4	8
65889.4	8
66053.3	8
66084	8
66160.1	8
66183.2	8
66223.7	8
66338.7	8
66617.3	8
66709.6	8
66823.7	8
66865.1	8
66973.6	8
67167.9	8
67263.4	8
67342.4	8
67663.3	8
67720.5	8
67765.9	8
67778.2	8
67818.9	8
67891.6	8
67924.7	8
67949.9	8
68011.3	8
68162	8
68299	8
68427.6	8
68575	8
68589.9	8
68612.8	8
68669.8	8
68832.9	8
69054.9	8
69075.7	8
69121.7	8
69494.5	8
69708.9	8
69747.7	8
69756.4	8
69970.5	8
70172.6	8
70300.7	8
70339.5	8
70387.1	8
70695.3	8
70824	8
70858.8	8
70953.7	8
71008.2	8
71236.1	8
71710.2	8
72006.2	8
72019.4	8
72092.3	8
72097	8
72125.7	8
72165	8
72335.6	8
72419.8	8
72455.7	8
72812.2	8
72995.3	8
73060.9	8
73148.1	8
73192.9	8
73234.6	8
73304.6	8
73467.9	8
73504.2	8
73627.5	8
73708	8
73729.9	8
73780.4	8
73791.9	8
73866.6	8
74032.5	8
74068.2	8
74086.6	8
74209.3	8
74310.8	8
74346.2	8
74378.9	8
74468.4	8
74505.7	8
74544.5	8
74575.8	8
74619.9	8
74646.7	8
74655.4	8
74848.9	8
74872.4	8
75043.7	8
75103.7	8
75117.2	8
75261.9	8
75384.2	8
75389.4	8
75434.7	8
75438.6	8
75465.8	8
75580.6	8
75676.4	8
75926.9	8
76050	8
76089.1	8
76131.1	8
76197	8
76260.4	8
76411.8	8
76509.5	8
76567.4	8
76571.5	8
76604.6	8
76699.6	8
76867.1	8
77010.9	8
77028.8	8
77210.1	8
77525.6	8
77581.1	8
77774.7	8
78007.1	8
78009.6	8
78020.6	8
78039.4	8
78238.6	8
78386.7	8
78391.7	8
78710.1	8
78941.5	8
79040.6	8
79544.9	8
79635.5	8
79858.9	8
79900	8
79932	8
80039.4	8
80041	8
80083.2	8
80327.4	8
80514.7	8
80652.2	8
80735.9	8
80820.7	8
81101.9	8
81472.7	8
81509.7	8
81589.2	8
81662.8	8
81906.9	8
82029.9	8
82167.8	8
82243.7	8
82282.4	8
82317.9	8
82395.6	8
82427.3	8
82638.4	8
82850	8
82968	8
83131.7	8
83320.3	8
83353.3	8
83642.2	8
83659	8
83713.5	8
83714.7	8
83962.5	8
84231.5	8
84303.1	8
84381.3	8
84470.4	8
84513.1	8
84851.5	8
85010.9	8
85091.6	8
85170.1	8
85300.3	8
85345.1	8
85736.5	8
85738.2	8
85974.3	8
86138.2	8
86150.4	8
86159.8	8
86385.4	8
86426.3	8
86460.5	8
86492.9	8
86588.1	8
86599.9	8
86642.5	8
86868	8
86959.4	8
86993.1	8
87029	8
87438.9	8
87509.8	8
87520.1	8
87642.8	8
87777	8
87930.4	8
88168.9	8
88288.5	8
88532.9	8
88554.7	8
88711.7	8
88769	8
88839.4	8
88916.9	8
88998	8
89063.5	8
89204.2	8
89438.3	8
89509.8	8
89587.6	8
89814.9	8
89899.1	8
90045.7	8
90191.9	8
90194.7	8
90352.9	8
90393.7	8
90454.9	8
90718.8	8
90728.6	8
90743.5	8
90974	8
91189.3	8
91224.6	8
91265.6	8
91275.9	8
91609.3	8
91792.9	8
91848.6	8
91869.4	8
91888.8	8
91908.6	8
91938.1	8
91991.5	8
91994	8
92269.3	8
92316.4	8
92522.7	8
92613.9	8
92710.2	8
92734.9	8
92804.9	8
92810.6	8
92857.3	8
92895.4	8
92913.4	8
92967.3	8
92984.4	8
93100.3	8
93128.6	8
93161.2	8
93200.4	8
93274.4	8
93319.6	8
93433.9	8
93435.2	8
93691.3	8
93691.6	8
93743.6	8
93842.6	8
93908.8	8
94023	8
94052	8
94162.6	8
94298	8
94404.4	8
94495.2	8
94631.6	8
94774.3	8
94790.3	8
94832.3	8
94982.4	8
95059.8	8
95138.2	8
95179.5	8
95185.7	8
95317.8	8
95359.4	8
95432.5	8
95521.8	8
95586.5	8
95663.9	8
95678.1	8
95678.2	8
95742.4	8
95894.9	8
95997.8	8
96219.9	8
96630.9	8
96716.7	8
96721.8	8
96733	8
96917.7	8
97129.1	8
97360.2	8
97422	8
97442.1	8
97543.9	8
97565.2	8
97613.8	8
97617.5	8
97630.6	8
97649.7	8
97835.5	8
97908.7	8
98122	8
98369	8
98417.9	8
98463.4	8
98500.8	8
98539	8
98588.2	8
98595.5	8
98617.7	8
98628	8
98805.6	8
98898.7	8
98957.4	8
99077.2	8
11.5282	9
172.313	9
259.228	9
509.029	9
576.4	9
682.542	9
746.689	9
753.177	9
814.726	9
840.117	9
893.496	9
1000.32	9
1154.11	9
1206.57	9
1397.86	9
1439.64	9
1515.98	9
1719.05	9
1770.49	9
1868.78	9
1888.95	9
2241.68	9
2246.18	9
2301.06	9
2344.39	9
2357.34	9
2756.25	9
2845.88	9
2915.96	9
3016.34	9
3029.42	9
3219.31	9
3318.76	9
3334.54	9
3388.76	9
3460.16	9
3557.7	9
3778.31	9
3800.23	9
3818.72	9
3847.81	9
4020.42	9
4056.09	9
4352.85	9
4380.95	9
4388.68	9
4498.17	9
4596.47	9
4725.94	9
4766.41	9
4839.65	9
5013.35	9
5097.14	9
5142.19	9
5345.2	9
5372.89	9
5678.61	9
5860.81	9
5876.98	9
5892.72	9
5975.04	9
6062.57	9
6067.31	9
6091.71	9
6096.71	9
6270.72	9
6307.98	9
6388.16	9
6419.68	9
6456.7	9
6626.78	9
6633.31	9
6685	9
6701.05	9
6995.99	9
7035.14	9
7099.66	9
7170.36	9
7309.85	9
7495.66	9
7527.95	9
7621.54	9
7688.78	9
7836.02	9
7945.07	9
8170.82	9
8292.19	9
8297.29	9
8312.35	9
8436.85	9
8451.79	9
8452.63	9
8654.05	9
8665.71	9
8692.14	9
8714.94	9
8768.87	9
8810.27	9
8824.14	9
8847.53	9
9053.33	9
9248.97	9
9300.55	9
9311.39	9
9461.02	9
9557.54	9
9623.23	9
9640.62	9
9866.24	9
9884.33	9
10109.8	9
10192.3	9
10282.5	9
10394.4	9
10397	9
10566.2	9
10623.5	9
10629.2	9
10703.6	9
10781.7	9
10907.5	9
10983.6	9
11067.3	9
11222.6	9
11237.5	9
11311.8	9
11368.8	9
11551.8	9
11602.6	9
11615.1	9
11663.7	9
11725.9	9
11729.9	9
11744.7	9
11768.7	9
11871.1	9
12033.8	9
12114.4	9
12470.3	9
12789.2	9
13320.8	9
13362.4	9
13418.1	9
13527	9
13545.6	9
13857.6	9
13926.5	9
14024.9	9
14061.7	9
14094.4	9
14109.3	9
14150.6	9
14188.6	9
14338	9
14399.7	9
14409.8	9
14478.3	9
14510.6	9
14669.4	9
14773	9
14930.1	9
15027.3	9
15039.2	9
15100	9
15272.5	9
15658.4	9
15677.6	9
15702.5	9
15761.3	9
16172.2	9
16177.5	9
16212.3	9
16266.1	9
16373.1	9
16474.6	9
16567.9	9
16636.6	9
16761.6	9
16947.5	9
17106.4	9
17123.7	9
17207.1	9
17251.2	9
17269.8	9
17282.7	9
17340.9	9
17378.5	9
17505.1	9
17507.3	9
17661	9
17675.5	9
17752.9	9
17815.7	9
17906.4	9
17961.3	9
18008.5	9
18038.3	9
18089.1	9
18133.1	9
18225.3	9
18359.1	9
18377.2	9
18385.6	9
18403.1	9
18412.5	9
18490.1	9
18546.3	9
18553.9	9
18582.9	9
18701.7	9
18742.1	9
18799	9
18812	9
18812.2	9
18871.2	9
18894	9
19031.5	9
19066.1	9
19564.3	9
19815.6	9
19827.7	9
20211.5	9
20242.2	9
20252.5	9
20375.8	9
20504.4	9
20770.3	9
20884.2	9
21102.8	9
21122.2	9
21253.3	9
21470.8	9
21588.7	9
21622.6	9
21716.1	9
21740.1	9
21938.1	9
22079.4	9
22099.4	9
22120.5	9
22170.9	9
22191.6	9
22311.2	9
22490.9	9
22751.1	9
22780.7	9
22857.6	9
22958.8	9
23015.2	9
23028.5	9
23146.9	9
23482.6	9
23582.1	9
23680.6	9
23874	9
23883.3	9
23886.4	9
24057.4	9
24075.1	9
24125.2	9
24272.2	9
24454.6	9
24503.8	9
24639.7	9
24644.2	9
24781.1	9
24963.7	9
24980.5	9
25035.7	9
25085.9	9
25177.3	9
25275.7	9
25377.8	9
25444.6	9
25491	9
25674.9	9
25795.8	9
25824.5	9
25949.2	9
26049.5	9
26077.5	9
26247.8	9
26249.9	9
26288.4	9
26380.3	9
26477.9	9
26507	9
26780.2	9
26856.9	9
26877.3	9
26932.6	9
26952	9
27031.1	9
27037.3	9
27090.8	9
27125.5	9
27310.5	9
27313.1	9
27324.4	9
27350.8	9
27369.1	9
27430.7	9
27488.9	9
27542.9	9
27549.1	9
27593.9	9
27648.4	9
27969.8	9
28039.1	9
28180.5	9
28233.8	9
28403.9	9
28421.5	9
28585.2	9
28647.6	9
28719.8	9
28917.6	9
28973.3	9
29023.2	9
29126.4	9
29183.5	9
29309.8	9
29321.7	9
29482.4	9
29499.7	9
29645.8	9
29811	9
29836.7	9
29896.3	9
30104.7	9
30199.3	9
30354.3	9
30357.3	9
30389.7	9
30532.6	9
30809.7	9
30855.8	9
30856.6	9
31264.1	9
31517.1	9
31573.7	9
31593.7	9
31620.8	9
31646.9	9
31688	9
31697.9	9
31750.3	9
31752.6	9
31822.7	9
31827.9	9
32012.7	9
32015.8	9
32061.7	9
32074.5	9
32109.1	9
32176.8	9
32228.7	9
32408.6	9
32502.7	9
32699.9	9
32703.4	9
32841.5	9
32921.6	9
33071.2	9
33171.1	9
33412.6	9
33428.7	9
33533.8	9
33568.8	9
33709.8	9
33745.1	9
33746.1	9
33836.1	9
34358.3	9
34521.3	9
34536.3	9
34575.4	9
34671.2	9
34759	9
34784.8	9
34815.1	9
34824.3	9
34856.5	9
34896.6	9
35035.4	9
35217.4	9
35298.3	9
35309.4	9
35350.5	9
35390	9
35412.1	9
35490.8	9
35512.8	9
35945.3	9
35984.7	9
36077.6	9
36637.4	9
36730.4	9
36765.9	9
37142	9
37343.1	9
37353.1	9
37536.3	9
37722.7	9
37856.4	9
37966	9
38173.5	9
38175.4	9
38252.2	9
38307.5	9
38435.6	9
38522	9
38547.9	9
38569.1	9
38615.7	9
38692.5	9
38915.3	9
38948.5	9
38952.4	9
39108.7	9
39124.9	9
39591.7	9
39595.7	9
39803.8	9
39804.8	9
39834.9	9
39836.9	9
40325	9
40663.5	9
40722.7	9
40738.5	9
40864.6	9
40945.9	9
41008.2	9
41063.3	9
41091.6	9
41302.6	9
41358.6	9
41481.6	9
41665.9	9
41747	9
42001.6	9
42050.3	9
42130.9	9
42238.6	9
42270.1	9
42479.8	9
42482.6	9
42571.4	9
42617.8	9
42621.2	9
42792	9
42917.7	9
42989.1	9
43255.1	9
43271	9
43302.1	9
43383.5	9
43388.2	9
43396.8	9
44125.7	9
44192.9	9
44213.6	9
44569.3	9
44622.1	9
44669.3	9
44787.7	9
44853.9	9
44912.1	9
44960	9
45472.1	9
45489.9	9
45757.7	9
45888.4	9
46013	9
46027.8	9
46193.1	9
46418.4	9
46526.6	9
46892.4	9
47005	9
47005.2	9
47070.2	9
47343.7	9
47640.4	9
47703.6	9
47756.3	9
47823.4	9
48508.8	9
48739.8	9
48887	9
49232.7	9
49297.1	9
49319.4	9
49339	9
49382.2	9
49423.4	9
49472.5	9
49708.7	9
49986.6	9
50208.4	9
50218.2	9
50284	9
50520.5	9
50654.3	9
50669.8	9
50670.2	9
50819.2	9
50929.2	9
51022.6	9
51049.1	9
51194.4	9
51279.2	9
51346.6	9
51472.8	9
51662.2	9
51711.1	9
51744.5	9
51901.4	9
52069.1	9
52131.4	9
52180.7	9
52249.2	9
52453	9
52459.5	9
52646.7	9
52731.2	9
52780.6	9
52805.3	9
52904.3	9
52912.2	9
52914.8	9
53029.8	9
53381.4	9
53489.1	9
53659.8	9
53912.9	9
54146.4	9
54318.6	9
54417.2	9
54600	9
54677.4	9
54705.6	9
54806.6	9
54863.8	9
54900.5	9
54946.8	9
54950.8	9
54964.1	9
55081.4	9
55133.6	9
55220.6	9
55256.5	9
55270.6	9
55822	9
55934.2	9
55963.8	9
56076.2	9
56077.8	9
56257.9	9
56270.9	9
56553.3	9
56825.3	9
57132.3	9
57302.1	9
57867.6	9
57996.1	9
58004.1	9
58436.3	9
58588.5	9
58778.3	9
58899.7	9
58949.8	9
58973.8	9
59104.6	9
59259.8	9
59338.3	9
59352.6	9
59399.1	9
59540.5	9
59666.2	9
59714.8	9
59853.8	9
59938.5	9
59968.1	9
60116.9	9
60273.5	9
60454.8	9
60506.7	9
60579.1	9
60773.7	9
60789.5	9
60851.7	9
60928.9	9
61099.2	9
61167.6	9
61390	9
61474.2	9
61540.4	9
61705.9	9
61728.5	9
61771.3	9
61841.7	9
61876.1	9
62004.9	9
62060.4	9
62246.4	9
62280.5	9
62326.7	9
62371.7	9
62692.8	9
62822.6	9
62835.8	9
62872.1	9
63159.4	9
63266.8	9
63353	9
63353.7	9
63434.9	9
63562.4	9
63566	9
63607.3	9
63608.9	9
63609.2	9
63696.9	9
64152.7	9
64234.7	9
64266.3	9
64320.2	9
64635.6	9
64636.1	9
64765.6	9
64894.8	9
64993.2	9
65051.3	9
65312.6	9
65412.2	9
65698.3	9
65719	9
65994.1	9
66145.7	9
66167.1	9
66208.8	9
66259	9
66520.9	9
66526	9
66602.8	9
66615.5	9
66637.1	9
67107.3	9
67172.1	9
67200.3	9
67351.8	9
67485.6	9
67645.8	9
67649.9	9
67805.9	9
67813.3	9
67926.6	9
68164.6	9
68361.8	9
68363.9	9
68473.2	9
68708.2	9
68797	9
68855.4	9
68880.6	9
68914.3	9
69157.6	9
69184.3	9
69189.7	9
69664.1	9
69773.8	9
69965.8	9
70099	9
70279.1	9
70292.9	9
70394	9
70426.2	9
70484.4	9
70529.6	9
70536.5	9
70631	9
70734.8	9
70739.5	9
70829	9
70886.3	9
70898.1	9
70904.8	9
70907.1	9
71085.9	9
71264.6	9
71320.5	9
71354.4	9
71450.3	9
71607.6	9
71688.1	9
71818.9	9
72016	9
72050.7	9
72114.6	9
72354	9
72565.4	9
72577.4	9
72582.1	9
72602.4	9
72753.2	9
72937.6	9
73094.7	9
73216.6	9
73366.5	9
73374.1	9
73463	9
73478.6	9
73514	9
73565.1	9
73582.6	9
73627.6	9
73725.2	9
73784.6	9
73896.7	9
74034.8	9
74090.7	9
74143.2	9
74183.7	9
74621.9	9
74772.6	9
74788.6	9
74818.6	9
74921.4	9
74926.5	9
74939.7	9
74983.1	9
75005.3	9
75057.3	9
75138	9
75228.9	9
75447.9	9
75474.9	9
75731	9
75761.8	9
75812.8	9
75845.1	9
75851.7	9
75965.6	9
76134.2	9
76349.9	9
76409	9
76452.8	9
76571.1	9
76650.9	9
76681.6	9
76723.4	9
77089.5	9
77210.1	9
77213	9
77496.9	9
77688.6	9
77985.7	9
78054.8	9
78136.6	9
78139.2	9
78311.8	9
78529.8	9
78533.3	9
78762.9	9
78808.1	9
78812	9
78856	9
78885.4	9
79094.3	9
79119.2	9
79385.1	9
79477.1	9
79902.4	9
79933.9	9
80259.5	9
80263.1	9
80265.6	9
80409.7	9
80493.3	9
80561.9	9
80602.5	9
80655.3	9
80747.2	9
80750	9
80758.8	9
80786.9	9
80849.8	9
80997.2	9
81187.2	9
81294.6	9
81361.9	9
81440.2	9
81501.6	9
81622.5	9
81686.7	9
81783.2	9
81800.4	9
82081.5	9
82160	9
82306.9	9
82435.3	9
82498.7	9
82676.6	9
82786.5	9
82832.5	9
83033.6	9
83044.1	9
83156.6	9
83444.4	9
83560.2	9
83692.6	9
83782.2	9
84061.8	9
84207.4	9
84221.7	9
84235.4	9
84264.8	9
84370.9	9
84424.7	9
84553.9	9
84564.8	9
84705.7	9
84973.6	9
84995.5	9
85022.1	9
85109.7	9
85163.7	9
85234.2	9
85410.8	9
85440.2	9
85503	9
85715.3	9
85921.4	9
86024.8	9
86044.5	9
86144.8	9
86170.7	9
86175.5	9
86255.1	9
86337.6	9
86587.8	9
86599	9
86630.1	9
86879.3	9
86923.3	9
87056.3	9
87074.3	9
87303	9
87351.9	9
87374.2	9
87381.8	9
87465.6	9
87495	9
87727.3	9
87792.5	9
87958.6	9
88057.6	9
88124.6	9
88154.9	9
88156.9	9
88168.8	9
88285.2	9
88344	9
88400.3	9
88410.6	9
88503	9
88507.1	9
88795.3	9
88806.9	9
88910.6	9
88952.7	9
89020.6	9
89052.4	9
89132.6	9
89192.9	9
89228.9	9
89245.1	9
89313.9	9
89336.4	9
89410.8	9
89442.9	9
89828.3	9
89929.2	9
89978	9
90055.2	9
90072	9
90161.2	9
90217.1	9
90217.7	9
90246.1	9
90390.1	9
90483.9	9
90566.5	9
90728.6	9
90876.9	9
90971.4	9
91130.6	9
91150.5	9
91400.3	9
91443.1	9
91496.5	9
91757.6	9
91850.2	9
91885.5	9
91985.9	9
92310.5	9
92516.6	9
92528.6	9
92583.3	9
92622.5	9
92631.3	9
92668.3	9
92943.6	9
93278.2	9
93303.9	9
93372.9	9
93404.5	9
93448.9	9
93457.1	9
93590.2	9
93666.1	9
93708.5	9
93783.1	9
93896.3	9
93940.2	9
94083.3	9
94210.9	9
94360.8	9
94439.6	9
94988.5	9
94999.8	9
95019.1	9
95074.5	9
95129.6	9
95136.8	9
95151.1	9
95193.3	9
95322.9	9
95464.7	9
95482.9	9
95525.1	9
95537.4	9
95608.3	9
95839.4	9
95905.7	9
95959.5	9
95967	9
96105.6	9
96198	9
96218.2	9
96267.7	9
96537	9
96553.3	9
96707.6	9
96847	9
97062.2	9
97185.8	9
97207.2	9
97240.5	9
97329.5	9
97340.4	9
97452.1	9
97544.1	9
97695.2	9
97705	9
97785.1	9
97833.1	9
97837.2	9
97838.8	9
98098.3	9
98256	9
98321.8	9
98353.9	9
98402.4	9
98441.8	9
98525.2	9
98536.4	9
98562.2	9
98613	9
98650.7	9
98714.9	9
98773.6	9
98849.1	9
98899.2	9
98942.6	9
98961.3	9
99250.4	9
99365.1	9
99449.4	9
99520	9
99563.9	9
99581.2	9
99680.9	9
99740.1	9
99873.4	9
99979.1	9
100011	9
100118	9
