# first_id = 0
# dimensions = None
# last_id = 49
6.19883	0
30.4826	0
34.9846	0
118.197	0
186.099	0
187.781	0
219.124	0
229.591	0
282.297	0
296.306	0
299.979	0
307.197	0
468.016	0
530.618	0
535.359	0
553.302	0
580.654	0
603.874	0
638.889	0
677.45	0
699.396	0
745.352	0
776.13	0
817.69	0
846.238	0
862.055	0
902.107	0
931.129	0
939.691	0
949.806	0
971.136	0
973.402	0
974.203	0
992.68	0
1033.33	0
1066	0
1079.12	0
1081.78	0
1087.3	0
1089.6	0
1188.15	0
1288.68	0
1298.78	0
1324.72	0
1354.96	0
1367.97	0
1398.08	0
1483.24	0
1502.08	0
1536.58	0
1563.59	0
1589.41	0
1600.08	0
1628.52	0
1630.89	0
1631.88	0
1644.65	0
1652.55	0
1737.7	0
1758.32	0
1843.8	0
1860.81	0
1861.62	0
1867.91	0
1869.81	0
1932.05	0
1960.94	0
1962.73	0
1986.72	0
2077.51	0
2078.37	0
2090.06	0
2094.74	0
2114.04	0
2116.53	0
2204.86	0
2211.53	0
2250.56	0
2257.34	0
2257.59	0
2276.55	0
2287.38	0
2293.72	0
2351.87	0
2358.44	0
2368.95	0
2397.63	0
2398.11	0
2405.17	0
2456.72	0
2464.48	0
2505.98	0
2512.49	0
2559.27	0
2591.16	0
2599.68	0
2602.83	0
2650.74	0
2689.4	0
2708.8	0
70.1495	1
76.9675	1
89.806	1
94.5607	1
154.299	1
193.786	1
260.149	1
339.939	1
383.799	1
392.681	1
451.969	1
491.526	1
575.377	1
702.378	1
807.744	1
870.689	1
891.384	1
912.583	1
949.121	1
1002.32	1
1034.51	1
1109.52	1
1114.62	1
1281.18	1
1311.01	1
1384.2	1
1396.12	1
1442.65	1
1521.76	1
1625.42	1
1667.74	1
1711.61	1
1773.88	1
1783.58	1
1793.47	1
1799.15	1
1825.14	1
1895.35	1
1899.09	1
2011.14	1
2057.46	1
2091.7	1
2200.41	1
2299.95	1
2314.56	1
2558.16	1
2669.8	1
2722.61	1
2844.7	1
2847.15	1
2850.77	1
2869.95	1
2885.33	1
2926.71	1
2969.74	1
3010.38	1
3317.23	1
3326.42	1
3409.69	1
3519.9	1
3620.06	1
3626.78	1
3657.86	1
3704.97	1
3716.53	1
3761.01	1
3762.35	1
3820.49	1
3900.15	1
3900.29	1
3910.52	1
3927.26	1
30.3074	2
64.1417	2
99.0097	2
103.943	2
135.092	2
148.778	2
162.288	2
195.465	2
202.064	2
253.721	2
327.905	2
334.801	2
340.59	2
381.314	2
410.735	2
427.904	2
439.097	2
502.951	2
512.871	2
521.044	2
532.666	2
546.52	2
548.095	2
557.415	2
559.288	2
583.483	2
615.842	2
638.245	2
640.776	2
650.339	2
740.104	2
744.41	2
781.455	2
785.922	2
829.844	2
838.449	2
865.62	2
890.05	2
900.983	2
963.079	2
974.117	2
1046.4	2
1058.78	2
1117.58	2
1150.04	2
1150.41	2
1163.23	2
1192.65	2
1207.82	2
1211.31	2
1219.48	2
1284.57	2
1342.94	2
1350.33	2
1385.39	2
1387.91	2
1392.4	2
1429.76	2
1466.22	2
1468.94	2
1569.31	2
1622.02	2
1628.81	2
1641.57	2
1644.33	2
1654.15	2
1742.32	2
1745.57	2
1773.66	2
1795.49	2
1842.48	2
1877.28	2
1900.44	2
1928.76	2
1962.19	2
1965.04	2
1971.72	2
2029.75	2
2041.8	2
2057.85	2
2079.63	2
2103.9	2
2163.79	2
2163.83	2
2172.09	2
2185.74	2
2234.34	2
2256.75	2
2265.28	2
2265.61	2
2277.52	2
2288	2
2300.71	2
2313.47	2
2321.2	2
2341.14	2
2352.96	2
2377.21	2
2388.57	2
2393.28	2
2.77665	3
25.4213	3
118.728	3
142.554	3
167.268	3
214.059	3
221.375	3
267.89	3
289.392	3
293.717	3
367.371	3
432.979	3
437.381	3
490.213	3
507.208	3
518.885	3
543.101	3
552.953	3
583.874	3
602.922	3
605.188	3
628.446	3
637.583	3
640.526	3
643.177	3
646.749	3
671.596	3
692.374	3
694.016	3
708.778	3
711.218	3
732.83	3
748.072	3
763.63	3
799.787	3
800.199	3
817.758	3
836.575	3
856.73	3
889.169	3
901.094	3
912.143	3
987.003	3
991.438	3
1000.77	3
1017.83	3
1117	3
1128.1	3
1130.02	3
1149.23	3
1159.66	3
1163.28	3
1187.76	3
1213.91	3
1229.9	3
1233.72	3
1247.95	3
1282.98	3
1284.78	3
1309.84	3
1326.93	3
1335.61	3
1349.46	3
1390.07	3
1399.76	3
1407.27	3
1471.99	3
1502.64	3
1702.82	3
1723.14	3
1741.52	3
1749.88	3
1750.63	3
1764.91	3
1785.75	3
1791.89	3
1794.49	3
1842.62	3
1843	3
1855.04	3
1864.12	3
1878.48	3
1914.56	3
1977.07	3
2001.71	3
2012.7	3
2023.08	3
2048.24	3
2137.23	3
2194.94	3
2203.14	3
2203.37	3
2215.42	3
2250.84	3
2284.81	3
2306.66	3
2307.17	3
2307.77	3
2314.61	3
2353.84	3
155.407	4
196.68	4
509.439	4
574.703	4
694.077	4
743.348	4
812.245	4
840.953	4
946.023	4
980.073	4
999.228	4
1093.96	4
1133.55	4
1161.69	4
1292.25	4
1384.62	4
1404.4	4
1479.42	4
1584.9	4
1649.85	4
1671.61	4
1701.71	4
2062.96	4
2105.48	4
2174.46	4
2260.03	4
2272.12	4
2331.8	4
2452.69	4
2475.68	4
2492.74	4
2671.77	4
2712.11	4
2746.18	4
2763.39	4
2849.19	4
2853.96	4
2886.18	4
3072.11	4
3380.33	4
3467.14	4
3506.23	4
3513.68	4
3744.74	4
3777.86	4
3813.17	4
3868.04	4
3916.02	4
3926.36	4
3936.56	4
3967.39	4
32.8564	5
63.8523	5
75.445	5
102.444	5
201.959	5
604.204	5
801.139	5
1243.6	5
1281.81	5
1303.91	5
1329.85	5
1586.16	5
1803.21	5
1823.22	5
1865.89	5
2096.15	5
2102.75	5
2601.99	5
2613.33	5
2639.33	5
2655.19	5
2736.8	5
2820.73	5
2826.54	5
2965.7	5
2988.26	5
3164.26	5
3269.15	5
3382.93	5
3406.24	5
3440.82	5
3442.04	5
3444.35	5
3490.68	5
3522	5
3653.29	5
3686.17	5
3697.57	5
3755.79	5
3768.71	5
3850.54	5
3950.29	5
3954.18	5
22.3318	6
28.6343	6
34.1981	6
47.9276	6
52.066	6
89.1043	6
112.761	6
216.918	6
250.073	6
289.551	6
315.18	6
332.169	6
333.082	6
361.221	6
369.093	6
392.546	6
407.002	6
416.545	6
435.735	6
439.159	6
441.507	6
500.168	6
506.763	6
586.002	6
631.389	6
645.358	6
653.411	6
687.905	6
711.767	6
718.783	6
738.122	6
753.845	6
761.874	6
768.814	6
770.095	6
779.184	6
800.167	6
833.573	6
835.985	6
867.198	6
876.3	6
896.757	6
940.02	6
995.575	6
1002.96	6
1075.2	6
1083.16	6
1129.64	6
1129.68	6
1165.1	6
1175.33	6
1195.29	6
1230.34	6
1237.49	6
1281.36	6
1365.93	6
1388.83	6
1451.78	6
1460.3	6
1461.91	6
1534.99	6
1564.26	6
1575.91	6
1621.41	6
1683.21	6
1713.41	6
1775.65	6
1788.69	6
1796.43	6
1798.77	6
1810.19	6
1833.62	6
1854.39	6
1854.75	6
1859.01	6
1859.86	6
1872.94	6
1898.44	6
1913.03	6
1914.46	6
1928.6	6
1930.31	6
1951.02	6
1968.1	6
1969.12	6
1973.12	6
2016.58	6
2022.48	6
2026.2	6
2038.28	6
2042.27	6
2045.56	6
2046.95	6
2065.72	6
2068.9	6
2082.93	6
2104.25	6
2109.24	6
2122.26	6
2126.48	6
99.681	7
117.483	7
144.207	7
147.322	7
148.712	7
152.686	7
153.482	7
160.43	7
186.543	7
191.819	7
217.152	7
232.496	7
250.448	7
290.977	7
331.867	7
366.154	7
377.351	7
389.367	7
398.766	7
443.599	7
447.284	7
470.91	7
495.476	7
514.519	7
543.017	7
548.398	7
550.011	7
550.431	7
578.806	7
638.022	7
649.693	7
696.635	7
706.797	7
715.701	7
784.343	7
792.901	7
797.252	7
812.987	7
878.143	7
885.329	7
897.97	7
948.63	7
954.046	7
956.41	7
991.513	7
1030.66	7
1042.3	7
1064.02	7
1076.93	7
1079.19	7
1147.64	7
1163.7	7
1167.14	7
1182.59	7
1183.83	7
1193.69	7
1201.14	7
1204.85	7
1214.13	7
1253.73	7
1260.47	7
1261.87	7
1270.64	7
1301.69	7
1329.61	7
1345.83	7
1365.62	7
1381.85	7
1444.25	7
1447.82	7
1510.23	7
1546.32	7
1590.83	7
1606.06	7
1628.51	7
1652.51	7
1781.13	7
1815.89	7
1852.45	7
1910.78	7
1928.64	7
1974.94	7
2049.12	7
2072.02	7
2135.02	7
2143.57	7
2161.85	7
2198.7	7
2233.56	7
2240.1	7
2269.36	7
2341.79	7
2378.76	7
2388.55	7
2451.05	7
2463.06	7
2477.87	7
2482.96	7
2501.51	7
2516.3	7
49.3794	8
63.618	8
75.168	8
94.2549	8
132.454	8
152.887	8
162.575	8
167.541	8
204.128	8
208.64	8
217.136	8
218.028	8
229.707	8
253.912	8
290.825	8
341.166	8
354.911	8
442.353	8
451.105	8
482.456	8
557.036	8
569.838	8
571.018	8
582.828	8
595.999	8
601.123	8
614.508	8
648.387	8
677.032	8
689.334	8
690.88	8
696.917	8
711.099	8
803.679	8
808.448	8
842.578	8
848.803	8
865.063	8
868.05	8
898.438	8
948.931	8
986.512	8
1002.87	8
1014.79	8
1020.36	8
1037.38	8
1065.64	8
1138.42	8
1153.51	8
1169.59	8
1220.3	8
1247.51	8
1284.96	8
1304.97	8
1339.69	8
1367.54	8
1374.47	8
1399.23	8
1400.14	8
1404.77	8
1453.04	8
1456.29	8
1458.7	8
1524.36	8
1540.42	8
1553.39	8
1572.28	8
1587.39	8
1598.79	8
1602.03	8
1605.04	8
1621.68	8
1659.36	8
1693.75	8
1707.09	8
1737.51	8
1761.82	8
1835.27	8
1866.66	8
1919.52	8
1945.38	8
1962.41	8
1980.44	8
1999.25	8
1999.75	8
2009.85	8
2012.45	8
2015.73	8
2023.1	8
2129.55	8
2155.42	8
2169.12	8
2210.13	8
2254.27	8
2270.66	8
2300.68	8
2313.86	8
2314.95	8
2348.35	8
2349.88	8
61.4849	9
104.99	9
113.826	9
154.35	9
203.155	9
367.893	9
396.064	9
418.364	9
474.261	9
606.97	9
668.97	9
698.289	9
709.313	9
715.721	9
813.322	9
818.417	9
853.75	9
1019.97	9
1051.54	9
1121.13	9
1180.77	9
1281.67	9
1343.58	9
1378.16	9
1463.06	9
1496.91	9
1524.35	9
1559.27	9
1620.43	9
1652.83	9
1669.82	9
1696.68	9
1739.78	9
1834.76	9
1856.43	9
1896.21	9
2074.68	9
2153.54	9
2197.54	9
2198.61	9
2212.75	9
2241.43	9
2287.86	9
2293.65	9
2309.64	9
2335.29	9
2462.52	9
2509.2	9
2594.29	9
2699.35	9
2925.03	9
2931.58	9
2960.47	9
3000.19	9
3125.57	9
3196.09	9
3251.23	9
3272.12	9
3295.97	9
3320.7	9
3341.25	9
3563.68	9
3569.48	9
3629.05	9
3656.17	9
3680.83	9
3784.87	9
3794.21	9
3795.94	9
3997.43	9
34.3585	10
35.0181	10
53.1464	10
57.0604	10
57.1262	10
57.4527	10
100.456	10
145.025	10
162.406	10
266.195	10
288.123	10
399.708	10
412.724	10
413.97	10
470.429	10
556.508	10
591.267	10
595.359	10
606.494	10
642.911	10
658.917	10
677.612	10
699.237	10
717.097	10
718.399	10
742.71	10
797.529	10
892.45	10
901.786	10
944.052	10
951.762	10
994.72	10
1002.12	10
1069.28	10
1185.51	10
1419.73	10
1444.49	10
1454.92	10
1463.99	10
1472.29	10
1491.47	10
1515.44	10
1531.86	10
1566.85	10
1572.98	10
1607.76	10
1631.75	10
1641.02	10
1678.94	10
1703.6	10
1744.17	10
1765.76	10
1802.25	10
1805.02	10
1820.98	10
1847.79	10
1882.43	10
1935.96	10
1973.35	10
1988.95	10
2071.95	10
2073.13	10
2105.13	10
2109.15	10
2121.05	10
2159.53	10
2200.93	10
2215.05	10
2218.61	10
2221.94	10
2250.74	10
2275.14	10
2277.07	10
2286.15	10
2363.58	10
2377.63	10
2407.88	10
2428.39	10
2522.14	10
2577.99	10
2657.81	10
2686.77	10
2696.76	10
2739.25	10
2764.64	10
2768	10
2781.38	10
2797.8	10
2852.81	10
2866.83	10
2954.21	10
2955.43	10
2965.47	10
3016.02	10
3016.04	10
3017.31	10
3036.15	10
3058.61	10
3107.02	10
3128.18	10
62.0708	11
116.721	11
132.815	11
289.348	11
302.128	11
314.651	11
316.594	11
324.732	11
341.507	11
341.556	11
345.971	11
355.082	11
377.066	11
420.946	11
444.56	11
452.795	11
520.109	11
541.596	11
570.596	11
574.886	11
584.919	11
599.216	11
636.525	11
662.094	11
695.338	11
702.419	11
723.634	11
739.137	11
741.64	11
864.702	11
872.638	11
890.3	11
903.538	11
944.695	11
984.423	11
986.996	11
997.625	11
1018.81	11
1035.07	11
1042.33	11
1069.59	11
1076.52	11
1076.76	11
1098.98	11
1155.26	11
1165.88	11
1197.87	11
1207.83	11
1223.55	11
1347.7	11
1374.55	11
1377.34	11
1420.38	11
1430.92	11
1431.82	11
1488.37	11
1493.24	11
1527	11
1627.51	11
1631.42	11
1645.95	11
1669.31	11
1749.91	11
1765.65	11
1815.9	11
1829.62	11
1857.63	11
1862.95	11
1949.72	11
2022.2	11
2032.42	11
2042.53	11
2043.46	11
2044.29	11
2096.2	11
2105.9	11
2105.97	11
2148.98	11
2157.35	11
2241.45	11
2264.04	11
2291.27	11
2305.71	11
2379.13	11
2390.74	11
2391.55	11
2412.98	11
2421.88	11
2492.05	11
2494.5	11
2502.44	11
2510.32	11
2568.47	11
2570.57	11
2654.59	11
2669.4	11
2680.56	11
2702.24	11
2713.39	11
2721.62	11
252.556	12
1589.54	12
3597.93	12
50.228	13
159.547	13
325.183	13
499.783	13
508.041	13
593.448	13
640.867	13
1022.79	13
1070.4	13
1070.93	13
1093.96	13
1124.59	13
1175.5	13
1268.57	13
1273.66	13
1278.1	13
1524.72	13
1689.51	13
2071.44	13
2092.17	13
2174.57	13
2181.36	13
2352.04	13
2364.93	13
2837.97	13
2851.41	13
2906.71	13
2908.04	13
2944.2	13
2979.42	13
3040.18	13
3118.77	13
3145.75	13
3361.07	13
3364.12	13
3461.91	13
3515.19	13
3621.42	13
3695.39	13
3736.23	13
3749.03	13
3752.24	13
3775.9	13
3910.78	13
3959.4	13
118.181	14
146.535	14
258.211	14
260.911	14
376.477	14
386.823	14
437.266	14
453.313	14
454.905	14
465.929	14
489.068	14
549.09	14
594.343	14
631.739	14
633.832	14
636.798	14
667.65	14
711.651	14
734.547	14
839.707	14
845.25	14
869.677	14
893.899	14
938.006	14
953.305	14
954.591	14
954.903	14
992.957	14
1017.91	14
1181.81	14
1200.34	14
1202.95	14
1207.42	14
1207.66	14
1222.98	14
1263.51	14
1309.24	14
1323.42	14
1332.14	14
1336.51	14
1370.94	14
1459.54	14
1461.84	14
1491.28	14
1559.49	14
1580.27	14
1596.6	14
1607.88	14
1665.53	14
1690.53	14
1729.53	14
1772.05	14
1797.68	14
1801.93	14
1809.27	14
1811.93	14
1817.17	14
1839.94	14
1866.5	14
1900.28	14
1988.31	14
2029.32	14
2040.75	14
2082.25	14
2104.92	14
2200.18	14
2239.22	14
2251.94	14
2263.68	14
2293.84	14
2353.74	14
2390.9	14
2391.88	14
2431.06	14
2458.27	14
2493.04	14
2579.62	14
2602.4	14
2628.47	14
2691.94	14
2742.98	14
2746.77	14
2793.89	14
2808.11	14
2809.05	14
2835.34	14
2874.25	14
2915.31	14
2925.89	14
2932.26	14
2961	14
2978.8	14
2999.46	14
3015.76	14
3135.83	14
3150.09	14
3163.46	14
3171.68	14
3233.5	14
3247.94	14
92.1149	15
141.04	15
235.238	15
354.206	15
583.102	15
649.321	15
840.051	15
997.171	15
1107.79	15
1108.41	15
1222.75	15
1254.32	15
1290.96	15
1384.65	15
1413.21	15
1634.1	15
1745.58	15
2506.95	15
2728.43	15
2828.79	15
3115.43	15
3898.97	15
11.8879	16
40.1179	16
54.349	16
110.918	16
128.652	16
133.921	16
135.556	16
137.021	16
143.643	16
162.562	16
175.551	16
189.821	16
192.311	16
199.766	16
215.224	16
272.049	16
281.158	16
301.695	16
344.469	16
346.031	16
349.063	16
366.406	16
413.93	16
437.279	16
439.64	16
473.784	16
509.415	16
511.434	16
520.361	16
557.59	16
564.934	16
572.164	16
586.732	16
612.523	16
629.427	16
661.558	16
707.904	16
757.922	16
766.43	16
798.101	16
801.045	16
801.626	16
807.576	16
838.169	16
877.549	16
895.135	16
916.924	16
995.64	16
1013.81	16
1041.09	16
1045.3	16
1098.68	16
1115.21	16
1119.57	16
1196.14	16
1244.77	16
1272.79	16
1294.33	16
1332.18	16
1354.58	16
1384.44	16
1403.33	16
1415.6	16
1434.32	16
1442.7	16
1451.16	16
1456.67	16
1457.01	16
1466.8	16
1501.31	16
1531.35	16
1547.25	16
1548.57	16
1556.48	16
1621.42	16
1624.88	16
1634.42	16
1659.67	16
1663.14	16
1669.56	16
1704.11	16
1739.06	16
1741.25	16
1754.68	16
1755.99	16
1757.44	16
1762.95	16
1764.39	16
1777.25	16
1800.53	16
1835.97	16
1876.52	16
1884.75	16
1894.25	16
1903.39	16
1908.54	16
1915.4	16
1925.44	16
1948.11	16
1979.93	16
66.9261	17
104.507	17
149.837	17
177.24	17
211.534	17
215.332	17
250.211	17
255.777	17
268.377	17
278.526	17
279.566	17
290.662	17
311.348	17
334.972	17
374.823	17
380.695	17
436.39	17
528.978	17
529.06	17
594.121	17
685.139	17
749.468	17
790.204	17
818.874	17
823.301	17
879.388	17
941.025	17
998.297	17
1018.62	17
1085.32	17
1188.72	17
1301.56	17
1315.25	17
1340.36	17
1345.75	17
1396.41	17
1459.76	17
1518.19	17
1581.92	17
1762.8	17
1765.05	17
1850.33	17
1885.76	17
1886.19	17
1932.84	17
1934.4	17
1940.63	17
1966	17
1992.68	17
1993.33	17
2005.38	17
2022.92	17
2034.94	17
2099.08	17
2129.95	17
2262.89	17
2263.17	17
2295.11	17
2351.94	17
2355.51	17
2545.66	17
2573.21	17
2623.94	17
2675.7	17
2705.94	17
2757.21	17
2802.24	17
2835.7	17
2859.53	17
2867.13	17
2889.24	17
2902.13	17
2944.61	17
2950.47	17
2980.16	17
3001.25	17
3081.11	17
3158.3	17
3207.41	17
3212.4	17
3266.13	17
3354.15	17
3431.71	17
3539.9	17
3577.92	17
3628.68	17
3639.15	17
3672.06	17
3679.28	17
3695.56	17
3823.46	17
3844.42	17
3998.1	17
17.1051	18
99.7909	18
111.981	18
137.821	18
138.4	18
173.835	18
213.088	18
269.762	18
466.23	18
478.792	18
504.041	18
504.194	18
562.137	18
603.871	18
611.4	18
613.003	18
672.519	18
699.87	18
713.472	18
727.749	18
730.629	18
773.97	18
785.675	18
813.802	18
814.524	18
861.941	18
884.666	18
925.139	18
930.374	18
949.13	18
1011.24	18
1065.62	18
1111.04	18
1150.31	18
1217.62	18
1237.8	18
1262	18
1286	18
1308.65	18
1323.93	18
1339.29	18
1375.04	18
1519.77	18
1562.23	18
1572.29	18
1589.49	18
1592.95	18
1611.3	18
1652.8	18
1791.54	18
1828.29	18
1866.44	18
1890.25	18
1902.2	18
2060.49	18
2090.48	18
2093.4	18
2146.91	18
2167.87	18
2179.66	18
2185.22	18
2207.4	18
2219.88	18
2284.42	18
2292.83	18
2365.3	18
2407.25	18
2456.07	18
2465.21	18
2526.89	18
2589.05	18
2589.82	18
2627.69	18
2638.21	18
2659.71	18
2663.65	18
2665.14	18
2671.71	18
2690.07	18
2704	18
2729.58	18
2805.23	18
2830.23	18
2856.2	18
2941	18
2960.69	18
3124.05	18
3136.65	18
3237.4	18
3240.63	18
3244.36	18
3307.74	18
3382.99	18
3396.87	18
3439.45	18
3445.58	18
3468.33	18
3488.19	18
3501.26	18
3541.93	18
85.1463	19
95.5506	19
99.1867	19
158.391	19
159.424	19
163.235	19
169.476	19
224.881	19
527.03	19
544.506	19
569.531	19
637.565	19
844.795	19
869.761	19
895.071	19
938.223	19
983.745	19
1029.31	19
1118.99	19
1121.15	19
1129.49	19
1133.43	19
1158.02	19
1158.02	19
1158.02	19
1194.55	19
1205.07	19
1297.06	19
1343.17	19
1359.11	19
1373.61	19
1387.1	19
1397.51	19
1425.34	19
1451.07	19
1529.54	19
1562.36	19
1569.52	19
1581.4	19
1595.39	19
1621.06	19
1621.63	19
1634.05	19
1653.66	19
1658.48	19
1671.54	19
1689.66	19
1750.83	19
1757.15	19
1761.75	19
1763.24	19
1869.21	19
1940.43	19
1947.87	19
1974.16	19
2070.63	19
2113.38	19
2139.52	19
2182.09	19
2187.84	19
2269.49	19
2276.77	19
2287.25	19
2412.99	19
2419.53	19
2423.54	19
2470.7	19
2475.17	19
2490.53	19
2521.91	19
2565.29	19
2664.12	19
2724.22	19
2734.92	19
2821.3	19
2888.56	19
2905.85	19
2954.11	19
3048.77	19
3054.85	19
3060.21	19
3147.31	19
3152.95	19
3155.94	19
3173.29	19
3222.78	19
3234.52	19
3317.63	19
3366.6	19
3477.38	19
3506.18	19
3513.46	19
3520.36	19
3539.48	19
3539.94	19
3583.9	19
3608.13	19
3622.23	19
3753.23	19
3757.75	19
27.1276	20
122.42	20
145.033	20
169.287	20
201.296	20
225.767	20
227.736	20
334.229	20
336.776	20
349.148	20
359.825	20
371.976	20
450.049	20
493.039	20
520.896	20
564.914	20
604.722	20
610.921	20
640.914	20
656.804	20
668.332	20
805.672	20
889.594	20
940.853	20
960.981	20
1039.07	20
1061.51	20
1089.64	20
1107.54	20
1146.02	20
1156.51	20
1165.47	20
1184.39	20
1297.17	20
1378.13	20
1535.92	20
1550.1	20
1550.54	20
1560.62	20
1575.8	20
1583.76	20
1613.17	20
1650.79	20
1695.77	20
1862.58	20
1904.97	20
1945.13	20
2029.28	20
2093.02	20
2097.67	20
2127.5	20
2141.11	20
2211.52	20
2243.75	20
2256.7	20
2278.97	20
2292.59	20
2321.82	20
2366.21	20
2385.53	20
2438.6	20
2445.37	20
2480.59	20
2606.35	20
2617.13	20
2653.54	20
2670.55	20
2784.37	20
2953.56	20
2955.37	20
2956.95	20
3135.02	20
3254.7	20
3271.45	20
3314.36	20
3316.28	20
3326.94	20
3401.08	20
3555.12	20
3580.51	20
3693.61	20
3803.16	20
3920.32	20
3933.04	20
3933.76	20
3998.19	20
370.756	21
593.741	21
606.006	21
629.981	21
642.761	21
657.496	21
673.59	21
803.904	21
845.487	21
883.212	21
886.079	21
936.054	21
943.872	21
966.891	21
1029.52	21
1240.42	21
1271.88	21
1295.68	21
1302.9	21
1323.15	21
1415.35	21
1470.7	21
1499	21
1505.89	21
1511.92	21
1530.55	21
1553.87	21
1696.5	21
1706.03	21
1767.54	21
1780.45	21
1836.55	21
1914.45	21
1937.76	21
1949.33	21
2004.15	21
2103.28	21
2108.63	21
2295.71	21
2318.04	21
2363.65	21
2463.93	21
2557.7	21
2663.68	21
2886.11	21
2980.56	21
3004.16	21
3057.39	21
3067.05	21
3213.94	21
3310.55	21
3333.12	21
3355.71	21
3365.79	21
3618.7	21
3659.78	21
3871.59	21
3873.37	21
2.39864	22
45.3669	22
125.164	22
192.422	22
283.81	22
295.819	22
410.684	22
584.189	22
704.382	22
736.294	22
776.647	22
838.991	22
854.82	22
1159.65	22
1231.99	22
1383.73	22
1417.27	22
1509.51	22
1540.55	22
1643.63	22
1812.72	22
2036.72	22
2246.63	22
2318.77	22
2375.31	22
2384.95	22
2661.46	22
2693.68	22
2775.83	22
2833.15	22
2995.7	22
3038.9	22
3194.74	22
3375.73	22
3518.76	22
3536.96	22
3939.12	22
246.89	23
497.672	23
546.378	23
789.9	23
903.904	23
1114.56	23
1169.83	23
1237.95	23
1461.62	23
1706.32	23
1753.26	23
1884.29	23
1967.32	23
2111.01	23
2212.05	23
2412.22	23
2593.06	23
2918.17	23
2980.21	23
3053.36	23
3139.61	23
3484.94	23
3682.04	23
3702.83	23
57.1698	24
74.8873	24
96.5016	24
96.5202	24
99.069	24
125.411	24
135.484	24
143.025	24
152.093	24
245.928	24
303.635	24
323.471	24
327.598	24
376.027	24
396.332	24
398.627	24
404.358	24
425.395	24
514.965	24
542.148	24
550.383	24
563.207	24
589.007	24
619.06	24
670.254	24
691.963	24
712.777	24
729.338	24
748.37	24
755.55	24
757.353	24
831.293	24
914.317	24
961.705	24
992.378	24
993.428	24
993.929	24
999.1	24
1012.05	24
1038.07	24
1131.24	24
1142.85	24
1175.67	24
1183.12	24
1205.47	24
1219.22	24
1252.65	24
1267.58	24
1276.91	24
1286.12	24
1340.98	24
1349.85	24
1367.99	24
1491.06	24
1509.28	24
1520.25	24
1561.38	24
1566.94	24
1585.1	24
1638.72	24
1682.78	24
1692.46	24
1700.36	24
1722.06	24
1811.66	24
1826.38	24
1862.91	24
1867.86	24
1871.69	24
1875.89	24
1894.73	24
1906.92	24
1986.33	24
1986.79	24
2009.84	24
2130.96	24
2138.5	24
2210.67	24
2266.1	24
2268.08	24
2328.89	24
2347.14	24
2359.44	24
2364.48	24
2429.07	24
2434.59	24
2468.35	24
2484.19	24
2493.3	24
2496.45	24
2509.18	24
2530.21	24
2551.03	24
2562.36	24
2565.3	24
2568.64	24
2586.32	24
2651.29	24
2751	24
2839.16	24
7.17131	25
31.2351	25
47.3683	25
67.5539	25
73.6408	25
149.713	25
180.522	25
192.426	25
218.862	25
235.109	25
237.244	25
278.025	25
330.77	25
354.16	25
360.123	25
381.989	25
430.012	25
447.134	25
461.628	25
530.307	25
559.845	25
569.324	25
631.888	25
638.117	25
638.373	25
641.97	25
671.247	25
679.912	25
712.63	25
752.75	25
798.107	25
814.695	25
831.72	25
887.709	25
895.398	25
899.83	25
934.998	25
960.233	25
986.285	25
1138.6	25
1189.1	25
1219.39	25
1239.54	25
1306.48	25
1388.47	25
1388.6	25
1414.4	25
1424.27	25
1440.28	25
1519.9	25
1529.19	25
1574.84	25
1604.44	25
1615.16	25
1623.6	25
1635.44	25
1645.11	25
1653.88	25
1700.73	25
1748.94	25
1758.69	25
1776.91	25
1811.92	25
1846.11	25
1854.02	25
1863.88	25
1866.27	25
1884.4	25
1910.78	25
1917.55	25
1947.81	25
1955.04	25
1962.82	25
1968.13	25
1972.64	25
2064.48	25
2073.24	25
2088.76	25
2094.49	25
2109.25	25
2116.35	25
2124.32	25
2124.62	25
2216.78	25
2247.34	25
2251.3	25
2275.74	25
2386.36	25
2404.05	25
2419.21	25
2450.88	25
2457.08	25
2488.16	25
2511.68	25
2555.93	25
2571.06	25
2609.01	25
2632.52	25
2634.04	25
2638.35	25
7.76436	26
142.065	26
171.058	26
206.533	26
275.859	26
318.898	26
341.038	26
423.806	26
576.999	26
592.155	26
613.986	26
723.699	26
768.131	26
801.52	26
848.579	26
979.382	26
1053.18	26
1068.25	26
1130.76	26
1170.56	26
1199.98	26
1250.49	26
1331.91	26
1384.55	26
1443.63	26
1484.76	26
1512.29	26
1523.15	26
1542.83	26
1560	26
1606.65	26
1629.72	26
1667.8	26
1686.18	26
1816.13	26
1846.83	26
1865.76	26
1876.88	26
1889.23	26
1919.31	26
1963.93	26
1985.52	26
2032.7	26
2045.83	26
2170.95	26
2189.92	26
2224.82	26
2274.09	26
2328.76	26
2341.49	26
2413.64	26
2507.91	26
2554.64	26
2651.95	26
2653.26	26
2725.66	26
2828.47	26
3022.49	26
3033.95	26
3094.84	26
3100.15	26
3102.5	26
3153.73	26
3159.73	26
3366.9	26
3419.72	26
3456.67	26
3485.34	26
3521.8	26
3562.07	26
3575.02	26
3703.7	26
3814.66	26
113.919	27
311.843	27
439.084	27
490.573	27
533.973	27
573.504	27
589.871	27
696.014	27
710.155	27
787.129	27
823.857	27
836.364	27
923.016	27
949.518	27
976.268	27
997.2	27
1037.2	27
1096.3	27
1167.68	27
1198.18	27
1235.47	27
1246.82	27
1258.47	27
1387.73	27
1503.04	27
1806.59	27
1807.9	27
1808.18	27
1862.57	27
1907.23	27
1933.05	27
1937.69	27
2148.36	27
2196.08	27
2417.15	27
2541.88	27
2566.37	27
2570.55	27
2647.31	27
2651.52	27
2747.11	27
3015.78	27
3094.49	27
3113.72	27
3184.11	27
3247.3	27
3422.36	27
3433.87	27
3461.23	27
3770.34	27
3984.91	27
19.225	28
22.3864	28
41.5512	28
67.8949	28
86.0682	28
91.8249	28
93.8739	28
98.111	28
130.04	28
131.375	28
163.423	28
165.858	28
239.013	28
289.295	28
295.855	28
316.715	28
316.956	28
358.226	28
431.053	28
461.625	28
626.392	28
665.956	28
768.979	28
830.943	28
832.702	28
839.208	28
881.873	28
888.614	28
923.478	28
945.823	28
1010.18	28
1013.96	28
1017.46	28
1038.85	28
1061.89	28
1065.49	28
1158.74	28
1169.33	28
1175.03	28
1180.18	28
1189.68	28
1229.62	28
1257.71	28
1273.11	28
1309.71	28
1310.79	28
1340.93	28
1395.61	28
1451.34	28
1509.22	28
1517.46	28
1601.09	28
1638.88	28
1681.07	28
1686.4	28
1804.2	28
1830.07	28
1834.35	28
1866.82	28
1926.46	28
1926.49	28
1928.53	28
1939.74	28
1942.81	28
1958.67	28
2024.92	28
2037.7	28
2040.72	28
2097.46	28
2106.8	28
2114.05	28
2125.26	28
2164.26	28
2227.12	28
2299.88	28
2308.62	28
2377.12	28
2399.4	28
2410.28	28
2446.82	28
2491.48	28
2508.49	28
2545.15	28
2585.89	28
2597.55	28
2683.85	28
2741.32	28
2742.24	28
2751.82	28
2860.31	28
2864.89	28
2920.06	28
2933.1	28
2943.85	28
2960.82	28
2972.04	28
2987.59	28
3096.19	28
3097.33	28
3112.56	28
21.9097	29
86.9735	29
103.869	29
104.835	29
118.622	29
138.132	29
168.925	29
214.079	29
215.129	29
227.009	29
273.848	29
278.142	29
289.317	29
334.993	29
382.673	29
393.227	29
407.514	29
459.163	29
465.89	29
467.383	29
507.457	29
560.05	29
601.674	29
619.518	29
655.776	29
657.575	29
671.916	29
674.085	29
689.478	29
716.939	29
735.113	29
752.182	29
780.613	29
782.515	29
794.505	29
880.705	29
892.089	29
898.684	29
920.656	29
959.746	29
963.796	29
1023.52	29
1029.4	29
1039.2	29
1042.15	29
1084.15	29
1110	29
1126.49	29
1210.83	29
1234.32	29
1253	29
1263.06	29
1297	29
1298.36	29
1323.95	29
1372.85	29
1416.16	29
1443.22	29
1495.22	29
1532.85	29
1537.84	29
1539.76	29
1668.2	29
1670.77	29
1689.15	29
1754.14	29
1770.36	29
1806.12	29
1826.74	29
1826.91	29
1867.75	29
1870.1	29
1880.31	29
1944.38	29
1952.84	29
1999.83	29
2004.72	29
2004.73	29
2096.06	29
2106.02	29
2195.89	29
2253.83	29
2311.48	29
2315.17	29
2343.79	29
2465.92	29
2517.39	29
2525.86	29
2568.19	29
2572.23	29
2588.13	29
2630.55	29
2635.49	29
2674.34	29
2675.99	29
2726.27	29
2745.57	29
2775.79	29
2782.48	29
2806.72	29
6.04138	30
49.0785	30
71.638	30
73.5877	30
86.2414	30
92.5049	30
127.47	30
134.733	30
142.447	30
156.442	30
196.081	30
222.918	30
225.006	30
283.005	30
333.695	30
352.223	30
380.271	30
411.238	30
435.75	30
438.856	30
446.968	30
463.037	30
474.539	30
474.955	30
552.996	30
558.482	30
561.296	30
564.141	30
566.396	30
609.076	30
637.09	30
643.65	30
745.991	30
799.844	30
807.064	30
813.471	30
831.119	30
832.898	30
868.524	30
915.363	30
923.937	30
942.2	30
1002.69	30
1021.66	30
1071.52	30
1086.89	30
1158.34	30
1227.02	30
1284.73	30
1310.76	30
1322.32	30
1334.95	30
1340.02	30
1349.42	30
1355.29	30
1409.26	30
1413.95	30
1426.43	30
1443.94	30
1495.7	30
1525.78	30
1591.08	30
1624.33	30
1655.49	30
1690.68	30
1701.31	30
1708.2	30
1719.46	30
1748.56	30
1749.53	30
1789.81	30
1804.53	30
1820.89	30
1824.73	30
1847.73	30
1859.99	30
1900.98	30
1914.77	30
1935.01	30
1953.54	30
1960.51	30
1992.4	30
2016.7	30
2019.83	30
2098.49	30
2099.55	30
2109.49	30
2118.5	30
2164.42	30
2180.12	30
2226.18	30
2254.03	30
2314.08	30
2330.28	30
2340.29	30
2343.72	30
2350.17	30
2378.33	30
2423.22	30
2447.9	30
19.9791	31
20.2676	31
63.427	31
105.315	31
116.345	31
254.994	31
306.958	31
332.726	31
344.474	31
348.232	31
378.773	31
393.138	31
448.717	31
451.572	31
478.441	31
481.365	31
505.914	31
638.562	31
647.253	31
671.805	31
687.663	31
691.787	31
705.496	31
727.328	31
737.181	31
749.2	31
863.631	31
872.956	31
917.841	31
930.593	31
1008.79	31
1013.8	31
1038.04	31
1058.47	31
1060.52	31
1120.16	31
1132.64	31
1171.26	31
1218.84	31
1387.29	31
1390.84	31
1422.15	31
1433.2	31
1553.43	31
1566.81	31
1576.97	31
1589.37	31
1640.43	31
1726.44	31
1731.3	31
1735.51	31
1767.62	31
1773.31	31
1828.38	31
1844.27	31
1854.05	31
1931.56	31
1946.91	31
2030.59	31
2041.93	31
2069.98	31
2070.05	31
2078.36	31
2108.09	31
2129.16	31
2142.95	31
2186.37	31
2193.61	31
2241.6	31
2273.64	31
2319.77	31
2397.71	31
2428.4	31
2497.44	31
2502.54	31
2514.11	31
2527.54	31
2528.55	31
2750.14	31
2787.03	31
2798.18	31
2801.81	31
2884.67	31
2986.55	31
2993.45	31
3010.79	31
3125.8	31
3213.7	31
3224.68	31
3288.58	31
3351.81	31
3363.85	31
3394.71	31
3406.83	31
3423.46	31
3435.55	31
3452.98	31
3453.18	31
3501.34	31
3502.82	31
191.96	32
297.817	32
309.217	32
372.387	32
409.739	32
419.944	32
616.704	32
727.325	32
761.148	32
884.689	32
886.809	32
915.619	32
931.695	32
955.683	32
974.971	32
1016.92	32
1076.56	32
1168.95	32
1194.96	32
1217.76	32
1650.99	32
1747.27	32
1771.97	32
1777.96	32
1857.01	32
1884.83	32
1991.24	32
2063.22	32
2215.65	32
2218.88	32
2311.12	32
2460.55	32
2658.65	32
2662.02	32
2663.12	32
2740.33	32
2820.96	32
2927.14	32
2973.81	32
3008.95	32
3369.99	32
3516.94	32
3719.01	32
3752.82	32
3841.04	32
12.9977	33
21.827	33
44.6922	33
78.9277	33
98.5753	33
105.771	33
121.409	33
150.24	33
154.104	33
171.197	33
175.076	33
189.445	33
219.312	33
220.654	33
250.919	33
306.959	33
345.045	33
363.375	33
439.944	33
445.419	33
478.204	33
515.259	33
520.223	33
574.386	33
598.177	33
600.925	33
647.773	33
708.749	33
717.577	33
825.209	33
840.952	33
879.661	33
892.51	33
956.139	33
962.62	33
1037.87	33
1076.75	33
1077.82	33
1078.12	33
1104.05	33
1129.35	33
1141.21	33
1154.63	33
1160.5	33
1164.96	33
1174.66	33
1199.43	33
1201.93	33
1223.67	33
1229.14	33
1233.83	33
1273.41	33
1302.85	33
1308.84	33
1448.63	33
1450.63	33
1478.61	33
1481.05	33
1493.36	33
1515.62	33
1546.21	33
1558.77	33
1601.46	33
1619.75	33
1641.55	33
1650.99	33
1660.76	33
1663.26	33
1729.77	33
1749.48	33
1803.09	33
1804.4	33
1838.04	33
1871.84	33
1930.22	33
1978.62	33
1992.54	33
2033.93	33
2038.77	33
2047.93	33
2100.03	33
2129.48	33
2211.24	33
2218.1	33
2239.4	33
2279.23	33
2295.44	33
2317.3	33
2323.97	33
2396.61	33
2418.96	33
2497.62	33
2523.19	33
2525.73	33
2567.79	33
2573.57	33
2654.1	33
2658.97	33
2671.07	33
2680.03	33
24.5408	34
44.479	34
59.9771	34
63.0062	34
67.3359	34
156.093	34
161.024	34
163.932	34
167.193	34
172.12	34
212.905	34
216.336	34
233.224	34
286.404	34
288.111	34
295.958	34
342.294	34
370.85	34
387.808	34
393.862	34
413.085	34
414.415	34
474.102	34
499.685	34
508.831	34
550.253	34
567.748	34
569.681	34
584.12	34
618.756	34
646.77	34
723.348	34
726.183	34
760.576	34
766.394	34
829.881	34
842.11	34
898.146	34
909.193	34
916.906	34
916.943	34
923.473	34
926.76	34
968.064	34
985.744	34
1021.99	34
1026.58	34
1072.41	34
1119.54	34
1132.42	34
1202.02	34
1202.92	34
1231.95	34
1295.66	34
1332.22	34
1337.42	34
1378.36	34
1381.71	34
1392.74	34
1448.93	34
1454.74	34
1457.61	34
1462.91	34
1511.96	34
1540.03	34
1549.28	34
1549.87	34
1567.09	34
1583.65	34
1600.12	34
1600.14	34
1647.13	34
1657.36	34
1666.77	34
1667.14	34
1704.11	34
1718.41	34
1725.03	34
1742.06	34
1751.04	34
1797.55	34
1804.77	34
1809.01	34
1815.65	34
1824.07	34
1890.54	34
1907.41	34
1924.1	34
1956.92	34
1973.48	34
2011.03	34
2047.9	34
2061.4	34
2063.49	34
2082.2	34
2141.48	34
2142.74	34
2184.4	34
2208.94	34
2231.04	34
19.8265	35
70.4223	35
84.1092	35
105.303	35
144.315	35
153.278	35
183.932	35
195.74	35
237.579	35
263.267	35
267.979	35
279.474	35
303.06	35
330.598	35
357.491	35
362.552	35
409.94	35
415.899	35
425.065	35
428.126	35
443.71	35
452.15	35
457.915	35
459.744	35
480.164	35
526.694	35
544.481	35
545.384	35
558.979	35
568.576	35
578.393	35
601.495	35
635.163	35
722.828	35
743.259	35
779.43	35
779.747	35
794.183	35
802.307	35
811.884	35
823.573	35
838.167	35
866.104	35
903.403	35
912.176	35
926.155	35
942.796	35
961.184	35
967.367	35
982.966	35
994.636	35
1010.39	35
1074.29	35
1082.69	35
1096.89	35
1097.9	35
1113.97	35
1163.05	35
1193.67	35
1210.15	35
1256.65	35
1261.47	35
1288.91	35
1297.88	35
1325.65	35
1348.37	35
1350.27	35
1363.82	35
1387.28	35
1434.41	35
1460.36	35
1464.6	35
1472.89	35
1514.07	35
1521.9	35
1621.24	35
1653.35	35
1667.81	35
1668.62	35
1687.72	35
1689.43	35
1697.18	35
1702.55	35
1743.39	35
1755.75	35
1763.43	35
1821.92	35
1823.11	35
1831.31	35
1836.26	35
1845.37	35
1885.03	35
1905.59	35
1906.94	35
1914.18	35
2028.56	35
2036.84	35
2040.33	35
2084.03	35
2086.98	35
6.04528	36
12.445	36
70.4231	36
96.8003	36
97.7383	36
102.251	36
107.522	36
110.773	36
112.067	36
146.281	36
171.968	36
172.554	36
185.473	36
210.986	36
225.636	36
256.881	36
271.936	36
305.371	36
308.649	36
315.888	36
321.467	36
454.165	36
459.793	36
482.684	36
514.082	36
532.883	36
536.49	36
539.448	36
542.758	36
542.92	36
547.969	36
551.736	36
558.462	36
572.402	36
586.337	36
621.205	36
640.185	36
681.109	36
683.469	36
710.228	36
724.872	36
753.789	36
811.927	36
824.256	36
825.21	36
845.541	36
854.723	36
856.69	36
861.864	36
886.698	36
907.134	36
928.127	36
928.51	36
938.065	36
954.902	36
981.645	36
1014.98	36
1097.34	36
1103.52	36
1289.55	36
1362.15	36
1364.5	36
1370.21	36
1460.2	36
1497.91	36
1498.1	36
1558.18	36
1583.55	36
1606.36	36
1618.65	36
1634.41	36
1638.95	36
1658.62	36
1663.81	36
1680.51	36
1696.79	36
1703.28	36
1723	36
1726.44	36
1787.12	36
1818.82	36
1822.3	36
1846.78	36
1855.92	36
1862.4	36
1924.55	36
1942.4	36
1986.33	36
2002.48	36
2027.56	36
2105.78	36
2115.93	36
2124.1	36
2138.7	36
2149.63	36
2172.53	36
2237.04	36
2251.34	36
2272.87	36
2283.59	36
35.091	37
55.0567	37
55.5209	37
58.6813	37
65.5611	37
146.591	37
171.611	37
172.339	37
180.273	37
187.206	37
198.324	37
242.264	37
244.495	37
262.05	37
270.722	37
343.981	37
399.564	37
418.435	37
419.69	37
434.187	37
435.478	37
437.109	37
482.777	37
496.603	37
497.885	37
508.828	37
515.168	37
524.458	37
580.781	37
594.58	37
607.241	37
646.836	37
689.154	37
691.251	37
716.74	37
730.985	37
769.894	37
776.648	37
810.391	37
815.627	37
855.584	37
856.211	37
863.864	37
867.464	37
896.338	37
931.192	37
979.675	37
995.29	37
1024.83	37
1048.93	37
1089.89	37
1117.57	37
1123.5	37
1128.39	37
1194.62	37
1207.97	37
1296.12	37
1315.48	37
1327.11	37
1330.77	37
1335.66	37
1357.68	37
1400.74	37
1405.74	37
1406.23	37
1422.98	37
1425.71	37
1439.58	37
1501.64	37
1525.66	37
1575.57	37
1586.02	37
1589.2	37
1603.32	37
1630.84	37
1654.78	37
1660.54	37
1661.26	37
1663.38	37
1678.01	37
1711.13	37
1712.43	37
1738.4	37
1778.39	37
1844.93	37
1854.01	37
1903.39	37
1983.91	37
2008.7	37
2012.91	37
2077	37
2087.57	37
2087.91	37
2087.92	37
2106.51	37
2125.2	37
2157.02	37
2170.52	37
2197.34	37
2212.08	37
75.8709	38
93.7523	38
105.853	38
174.765	38
201.493	38
204.521	38
248.906	38
292.744	38
298.716	38
306.105	38
326.997	38
408.836	38
423.508	38
436.837	38
448.907	38
451.352	38
459.706	38
463.888	38
526.701	38
527.727	38
536.733	38
578.226	38
653.716	38
657.489	38
661.644	38
696.115	38
721.919	38
739.484	38
762.154	38
815.362	38
829.894	38
833.852	38
844.627	38
848.341	38
856.429	38
882.618	38
904.387	38
906.686	38
929.63	38
944.669	38
948.34	38
951.927	38
971.281	38
990.029	38
996.131	38
1003.02	38
1046	38
1112.41	38
1126.01	38
1182.82	38
1193.21	38
1205.98	38
1207.49	38
1217.72	38
1229.75	38
1232.53	38
1237.27	38
1248.82	38
1256.13	38
1291.59	38
1325.04	38
1358.63	38
1382.92	38
1409.85	38
1427.67	38
1441.54	38
1450.96	38
1499.11	38
1503.33	38
1503.55	38
1512.97	38
1528.68	38
1562.35	38
1583.66	38
1601.17	38
1619.67	38
1674.76	38
1688.9	38
1698.12	38
1704.47	38
1867.31	38
1870.4	38
1902.48	38
1932.62	38
1938.23	38
1955.23	38
1970.92	38
1987.45	38
2000.3	38
2038.02	38
2046.19	38
2048.07	38
2049.22	38
2192.56	38
2258.53	38
2269.76	38
2282.18	38
2284.13	38
2363.33	38
2369.39	38
15.1831	39
27.6701	39
34.9318	39
162.393	39
324.186	39
417.26	39
437.394	39
521.432	39
551.139	39
788.174	39
817.714	39
970.057	39
983.395	39
1026.04	39
1109.31	39
1437.8	39
2021	39
2086.25	39
2142.92	39
2323.88	39
2523.3	39
2694.75	39
3184.88	39
3492.96	39
3513.63	39
3661.46	39
3725.78	39
3818.64	39
3968.7	39
52.9052	40
173.93	40
596.544	40
596.631	40
1298.03	40
1922.16	40
1926.91	40
2127.62	40
2385.68	40
2505.98	40
2524.32	40
2528.01	40
2587.29	40
2835.22	40
2962.61	40
3320.61	40
3626.54	40
3794.42	40
3933.75	40
2.2397	41
104.152	41
124.397	41
124.468	41
128.772	41
201.713	41
209.119	41
228.409	41
266.436	41
266.953	41
299.131	41
341.214	41
345.939	41
370.213	41
377.623	41
412.158	41
437.148	41
444.415	41
450.68	41
461.021	41
464.359	41
482.592	41
494.976	41
539.367	41
555.112	41
576.369	41
616.68	41
653.008	41
654.297	41
678.489	41
715.339	41
729.212	41
732.212	41
805.048	41
833.996	41
866.05	41
888.703	41
942.883	41
964.562	41
1041.72	41
1065.74	41
1066.26	41
1066.42	41
1072.99	41
1082.37	41
1096.91	41
1111.13	41
1141.22	41
1141.74	41
1142.73	41
1222.7	41
1238.72	41
1239.78	41
1253	41
1275.03	41
1304.14	41
1314.49	41
1332.16	41
1368.07	41
1370.48	41
1372.38	41
1374.04	41
1377.3	41
1405.8	41
1458.42	41
1484.55	41
1546.08	41
1561.6	41
1573.52	41
1574.82	41
1583.58	41
1625.5	41
1629.66	41
1660.74	41
1661.93	41
1671.8	41
1752.81	41
1787.16	41
1816.85	41
1817.77	41
1819.32	41
1838.83	41
1870.23	41
1889.55	41
1947.17	41
1954.23	41
1975.48	41
2097.3	41
2108.55	41
2135.49	41
2210.31	41
2242.3	41
2244.24	41
2244.55	41
2310.05	41
2351.87	41
2405.52	41
2451.88	41
2482.65	41
2484.27	41
19.0387	42
94.4183	42
102.883	42
115.011	42
126.011	42
145.168	42
160.692	42
203.166	42
215.833	42
226.978	42
228.046	42
229.823	42
232.393	42
272.05	42
292.268	42
301.384	42
303.538	42
304.745	42
361.301	42
427.382	42
458.211	42
460.002	42
491.927	42
492.817	42
495.308	42
663.095	42
695.607	42
713.212	42
716.528	42
771.367	42
838.323	42
867.241	42
874.205	42
926.532	42
945.046	42
946.82	42
1040.64	42
1045.5	42
1055.64	42
1071.53	42
1088.54	42
1100.96	42
1102.69	42
1186.03	42
1265.99	42
1340.44	42
1386.49	42
1422.7	42
1424.13	42
1447.87	42
1467.78	42
1482.83	42
1524.95	42
1533.2	42
1559.6	42
1583.05	42
1660.64	42
1677.05	42
1687.64	42
1692.01	42
1698.97	42
1729.66	42
1731.23	42
1732.3	42
1741.08	42
1769.06	42
1773.03	42
1833.35	42
1859.44	42
1870.7	42
1928.38	42
1951.43	42
1953.71	42
1959.79	42
1978.19	42
1995.48	42
2004.87	42
2009.53	42
2059.33	42
2062.99	42
2075.1	42
2090.1	42
2112.32	42
2126.22	42
2134.07	42
2161.04	42
2204.33	42
2330.23	42
2352.79	42
2373.75	42
2447.06	42
2453.17	42
2463.39	42
2464.22	42
2527.21	42
2533.57	42
2559.93	42
2576.88	42
2592.9	42
2604.7	42
3.12703	43
3.71428	43
4.24573	43
6.52816	43
32.0308	43
41.8924	43
43.2947	43
49.1351	43
80.4647	43
121.613	43
137.885	43
138.904	43
157.301	43
214.507	43
240.883	43
276.227	43
308.112	43
358.84	43
372.821	43
392.429	43
398.182	43
418.85	43
438.43	43
457.666	43
460.367	43
474.802	43
502.495	43
519.641	43
525.478	43
583.503	43
599.859	43
604.266	43
619.465	43
634.77	43
657.56	43
736.83	43
774.857	43
811.523	43
844.869	43
902.172	43
926.122	43
1022.23	43
1098.66	43
1133.64	43
1142.44	43
1188.55	43
1239.5	43
1241	43
1283.56	43
1298.41	43
1359.94	43
1401.84	43
1430.55	43
1431.2	43
1494.85	43
1551.03	43
1565.61	43
1587.91	43
1601.66	43
1613.34	43
1622.44	43
1648.48	43
1672.94	43
1744.27	43
1751.54	43
1758.33	43
1776.44	43
1852.68	43
1859.14	43
1875.65	43
1876.36	43
1878.12	43
1891.06	43
1929.24	43
1931.38	43
1958.53	43
1967.24	43
1982.26	43
1986.54	43
2005.03	43
2034.96	43
2037.99	43
2116.37	43
2135.65	43
2137.76	43
2156.41	43
2160.69	43
2169	43
2211.73	43
2213.01	43
2217.65	43
2227.54	43
2260.06	43
2288.63	43
2322.97	43
2345.37	43
2422.11	43
2438.9	43
2518.26	43
2523.3	43
1692.8	44
2300.55	44
41.3875	45
49.0848	45
59.9634	45
92.0868	45
104.764	45
128.95	45
149.069	45
158.568	45
159.637	45
168.785	45
168.958	45
169.327	45
170.231	45
173.578	45
179.287	45
182.24	45
201.701	45
208.661	45
215.489	45
226.38	45
232.917	45
253.618	45
259.236	45
265.393	45
295.763	45
304.782	45
310.079	45
335.157	45
372.366	45
381.086	45
425.977	45
427.62	45
431.01	45
460.868	45
462.005	45
474.386	45
510.691	45
520.968	45
522.44	45
526.41	45
529.893	45
560.364	45
561.128	45
586.741	45
599.658	45
668.158	45
734.824	45
739.537	45
751.857	45
758.167	45
761.094	45
808.247	45
828.35	45
831.05	45
831.719	45
861.75	45
872.121	45
886.634	45
924.051	45
924.158	45
939.384	45
944.626	45
995.306	45
1038.96	45
1043.67	45
1053.34	45
1062.99	45
1068.2	45
1167.23	45
1169.12	45
1191.29	45
1201.28	45
1214.31	45
1214.71	45
1231.77	45
1253.52	45
1256.35	45
1308.9	45
1334.26	45
1432.17	45
1492.92	45
1546.68	45
1588.17	45
1599.62	45
1601.08	45
1606.83	45
1625.66	45
1629.2	45
1633.09	45
1658.32	45
1674.48	45
1685.75	45
1748.91	45
1763.61	45
1811.14	45
1820.76	45
1828.45	45
1832.65	45
1846.68	45
1854.21	45
17.4465	46
110.055	46
110.451	46
119.019	46
248.243	46
249.915	46
252.539	46
313.547	46
314.775	46
448.564	46
479.267	46
481.889	46
520.614	46
521.011	46
541.353	46
566.801	46
622.616	46
651.174	46
688.244	46
698.782	46
773.856	46
778.961	46
813.735	46
817.13	46
883.366	46
927.544	46
976.866	46
1014.27	46
1077.35	46
1084.97	46
1089.31	46
1157.5	46
1160.88	46
1176.41	46
1203.98	46
1314.7	46
1343.95	46
1352.64	46
1371.31	46
1388.03	46
1401.44	46
1417.39	46
1458.46	46
1535.68	46
1560.09	46
1574.36	46
1576.64	46
1652	46
1662.53	46
1663.89	46
1681.96	46
1728.41	46
1784.52	46
1784.85	46
1806.31	46
1854.27	46
1891.81	46
1915.81	46
1941.01	46
1941.36	46
1952.38	46
2031.48	46
2031.6	46
2146.32	46
2146.62	46
2190.54	46
2197.4	46
2230.5	46
2231.49	46
2264.29	46
2269.87	46
2270.59	46
2274.17	46
2302.32	46
2317.8	46
2329.12	46
2334.95	46
2481.3	46
2526.03	46
2528.99	46
2543.66	46
2550.8	46
2631.22	46
2645.56	46
2672.77	46
2737.6	46
2742.03	46
2742.59	46
2767.53	46
2768.44	46
2824.22	46
2844.61	46
2846.86	46
2866.99	46
2869.04	46
2971.3	46
2971.94	46
2998.75	46
3023.6	46
3034.67	46
23.2174	47
30.102	47
35.8263	47
69.2876	47
71.9893	47
101.959	47
135.461	47
286.367	47
290.1	47
327.185	47
364.414	47
365.017	47
386.565	47
412.912	47
423.299	47
430.576	47
470.891	47
477.296	47
507.012	47
528.05	47
543.513	47
553.04	47
587.08	47
589.892	47
615	47
633.763	47
671.454	47
700.071	47
711.744	47
747.81	47
782.354	47
786.107	47
802.493	47
853.422	47
877.523	47
886.378	47
913.924	47
915.171	47
956.195	47
966.094	47
971.925	47
993.456	47
1079.78	47
1157.18	47
1177.72	47
1225.62	47
1232.72	47
1296.69	47
1302.22	47
1304.63	47
1315.74	47
1421.35	47
1429.83	47
1434.36	47
1462.22	47
1489.86	47
1494.15	47
1504.69	47
1527.97	47
1606.52	47
1621.52	47
1718.67	47
1852.2	47
1864.05	47
1874.18	47
1880.57	47
1927.98	47
1957.03	47
2030.88	47
2048.67	47
2084.09	47
2091.94	47
2103.51	47
2104.61	47
2194.94	47
2202.91	47
2208.63	47
2229.12	47
2274.01	47
2305.53	47
2349.51	47
2349.71	47
2350.09	47
2353.99	47
2362.26	47
2364.83	47
2366.19	47
2368.14	47
2373.46	47
2387.48	47
2420.16	47
2427.95	47
2443.71	47
2459.02	47
2460.35	47
2467.09	47
2485.76	47
2494.47	47
2511.5	47
2523.62	47
562.575	48
710.768	48
724.118	48
1071.66	48
1426.45	48
1803.48	48
2349.01	48
2354.11	48
2464.54	48
2711.37	48
2808.04	48
2872.66	48
3441.84	48
3900.79	48
13.96	49
36.4692	49
48.6778	49
49.2362	49
50.4433	49
90.2286	49
113.162	49
179.263	49
196.307	49
224.306	49
226.078	49
233.653	49
260.879	49
315.381	49
347.916	49
370.099	49
423.001	49
429.308	49
466.037	49
478.005	49
493.936	49
494.168	49
495.396	49
503.854	49
537.42	49
563.771	49
632.552	49
651.099	49
662.114	49
690.745	49
710.501	49
716.358	49
719.553	49
753.524	49
760.722	49
798.673	49
831.903	49
843.31	49
862.523	49
868.4	49
868.91	49
877.564	49
884.693	49
889.975	49
923.274	49
955.497	49
965.312	49
998.933	49
1005.5	49
1026.54	49
1029.41	49
1043.69	49
1045.32	49
1061.59	49
1068.83	49
1110.54	49
1125.35	49
1161.77	49
1165.71	49
1214.51	49
1309.57	49
1311.95	49
1331.47	49
1351.13	49
1377.56	49
1398.98	49
1403.47	49
1404.24	49
1493.94	49
1542.81	49
1571.76	49
1587.34	49
1593	49
1616.59	49
1635.35	49
1644.12	49
1734	49
1746.83	49
1767.44	49
1770.49	49
1788.87	49
1796.82	49
1807.86	49
1931.89	49
1939.69	49
1965.48	49
2025.63	49
2057.23	49
2090.47	49
2110.71	49
2120.46	49
2139.37	49
2181.61	49
2246.09	49
2269.47	49
2269.69	49
2295.39	49
2317.46	49
2341.58	49
2399.8	49
