# dimensions = [2]
# first_id = 0
# last_id = 1
# dt = 0.1
14.5	0
15.8	1
22.3	1
22.4	0
39.8	0
40.1	1
47.4	1
54.6	0
63.8	1
66	0
74.9	0
77.2	1
83.1	0
85.4	1
95.5	1
99.6	0
107.2	1
110.1	0
118.7	1
125.9	0
127.5	1
136.6	1
142.9	0
150.1	1
151.3	0
168.8	0
175.8	1
185.3	1
186.5	0
199.7	1
206.6	1
210.9	0
217.8	1
219.3	0
234.7	0
237.6	1
251.5	0
259.5	1
267.7	1
276.1	0
277	1
287	0
289.6	1
303.7	1
305.8	0
316.8	0
322.2	1
340.4	0
351.8	1
356.2	0
358.7	1
372.4	0
373	1
381.8	1
387	0
388.6	1
401.6	0
406.7	1
417.9	0
419.6	1
426.9	0
432.6	1
438.2	0
446.4	1
447.9	0
459.5	0
466.4	1
471.5	0
479.7	1
485.7	0
495	0
497.1	1
