# dimensions = [2]
# first_id = 0
# last_id = 1
# dt = 0.1
# n = 9998
-70	0
-70	1
-70	0
-70	1
-70	0
-70	1
-70	0
-70	1
-70	0
-70	1
-70	0
-70	1
-70	0
-70	1
-70	0
-70	1
-70	0
-70	1
-70	0
-70	1
-70	0
-70	1
-70	0
-70	1
-70.006	0
-69.918	1
-70.011	0
-69.696	1
-69.754	0
-69.565	1
-69.346	0
-69.496	1
-69.107	0
-69.372	1
-68.97	0
-69.303	1
-68.721	0
-69.18	1
-68.493	0
-69.025	1
-68.277	0
-68.938	1
-68.156	0
-68.718	1
-68.097	0
-68.6	1
-68.072	0
-68.537	1
-67.982	0
-68.422	1
-67.852	0
-68.362	1
-67.7	0
-68.334	1
-67.618	0
-68.326	1
-67.495	0
-68.244	1
-67.432	0
-68.203	1
-67.235	0
-68.101	1
-67.128	0
-68.049	1
-66.991	0
-67.94	1
-66.927	0
-67.805	1
-66.832	0
-67.579	1
-66.626	0
-67.375	1
-66.287	0
-67.114	1
-65.942	0
-66.896	1
-65.596	0
-66.703	1
-65.251	0
-66.525	1
-65.07	0
-66.357	1
-64.905	0
-66.112	1
-64.751	0
-65.903	1
-64.611	0
-65.808	1
-64.563	0
-65.7	1
-64.564	0
-65.415	1
-64.602	0
-65.197	1
-64.502	0
-65.022	1
-64.395	0
-64.948	1
-64.203	0
-64.773	1
-64.041	0
-64.618	1
-63.976	0
-64.474	1
-63.968	0
-64.338	1
-64.003	0
-64.294	1
-64.057	0
-64.3	1
-64.042	0
-64.173	1
-63.903	0
-64.048	1
-63.779	0
-64.011	1
-63.659	0
-64.022	1
-63.548	0
-63.908	1
-63.2	0
-63.794	1
-62.948	0
-63.68	1
-62.755	0
-63.644	1
-62.675	0
-63.656	1
-62.583	0
-63.694	1
-62.563	0
-63.509	1
-62.506	0
-63.349	1
-62.427	0
-63.284	1
-62.334	0
-63.275	1
-62.233	0
-63.3	1
-62.214	0
-63.272	1
-62.245	0
-63.295	1
-62.068	0
-63.343	1
-61.921	0
-63.404	1
-61.792	0
-63.473	1
-61.673	0
-63.465	1
-61.493	0
-63.34	1
-61.193	0
-63.218	1
-60.824	0
-63.178	1
-60.567	0
-63.106	1
-60.301	0
-63.094	1
-60.116	0
-62.969	1
-59.982	0
-62.699	1
-59.958	0
-62.584	1
-59.926	0
-62.484	1
-59.958	0
-62.387	1
-59.951	0
-62.292	1
-59.845	0
-62.197	1
-59.68	0
-62.024	1
-59.479	0
-61.96	1
-59.405	0
-61.959	1
-59.268	0
-62.006	1
-59.245	0
-62.005	1
-58.987	0
-62.046	1
-58.884	0
-61.956	1
-58.726	0
-61.632	1
-58.681	0
-61.326	1
-58.63	0
-61.182	1
-58.501	0
-61.06	1
-58.326	0
-61.026	1
-58.05	0
-60.968	1
-57.932	0
-60.895	1
-57.836	0
-60.889	1
-57.753	0
-60.771	1
-57.678	0
-60.736	1
-57.678	0
-60.676	1
-57.651	0
-60.6	1
-57.608	0
-60.513	1
-57.626	0
-60.346	1
-57.68	0
-60.054	1
-57.694	0
-59.7	1
-57.676	0
-59.529	1
-57.71	0
-59.242	1
-57.703	0
-58.962	1
-57.681	0
-58.478	1
-57.675	0
-58.046	1
-57.739	0
-57.783	1
-57.641	0
-57.706	1
-57.505	0
-57.581	1
-57.416	0
-57.499	1
-57.283	0
-57.513	1
-57.194	0
-57.439	1
-57.06	0
-57.384	1
-56.968	0
-57.123	1
-56.902	0
-57.027	1
-56.849	0
-56.884	1
-56.733	0
-56.714	1
-56.578	0
-56.527	1
-56.553	0
-56.413	1
-56.314	0
-56.122	1
-56.09	0
-55.867	1
-55.874	0
-55.705	1
-55.733	0
-55.596	1
-55.566	0
-55.589	1
-55.546	0
-55.525	1
-55.46	0
-55.412	1
-55.471	0
-55.408	1
-55.47	0
-55.398	1
-55.529	0
-55.245	1
-55.497	0
-55.225	1
-55.493	0
-55.23	1
-55.283	0
-55.165	1
-55.237	0
-55.138	1
-55.005	0
-55.123	1
-60	0
-55.207	1
-60	0
-55.196	1
-60	0
-55.263	1
-60	0
-55.306	1
-60	0
-55.333	1
-60	0
-55.429	1
-60	0
-55.558	1
-60	0
-55.495	1
-60	0
-55.456	1
-60	0
-55.371	1
-60	0
-55.251	1
-60	0
-55.121	1
-60	0
-55.056	1
-60	0
-60	1
-60	0
-60	1
-60	0
-60	1
-60	0
-60	1
-60	0
-60	1
-60	0
-60	1
-60	0
-60	1
-60	0
-60	1
-59.953	0
-60	1
-59.819	0
-60	1
-59.783	0
-60	1
-59.731	0
-60	1
-59.667	0
-60	1
-59.671	0
-60	1
-59.64	0
-60	1
-59.673	0
-60	1
-59.661	0
-60	1
-59.697	0
-60	1
-59.61	0
-60	1
-59.6	0
-60	1
-59.635	0
-60	1
-59.472	0
-60.013	1
-59.117	0
-59.908	1
-58.797	0
-59.734	1
-58.574	0
-59.592	1
-58.48	0
-59.545	1
-58.329	0
-59.564	1
-58.21	0
-59.392	1
-58.036	0
-59.255	1
-57.903	0
-59.212	1
-57.65	0
-59.227	1
-57.326	0
-59.2	1
-57.177	0
-59.222	1
-57.131	0
-59.125	1
-57.076	0
-58.957	1
-57.097	0
-58.83	1
-57.156	0
-58.648	1
-57.165	0
-58.507	1
-57.216	0
-58.463	1
-57.22	0
-58.477	1
-57.051	0
-58.453	1
-56.993	0
-58.478	1
-56.942	0
-58.323	1
-56.815	0
-58.199	1
-56.786	0
-58.095	1
-56.673	0
-58.002	1
-56.509	0
-57.843	1
-56.397	0
-57.8	1
-56.309	0
-57.675	1
-56.164	0
-57.501	1
-56.056	0
-57.297	1
-55.97	0
-57.149	1
-55.896	0
-56.961	1
-55.9	0
-56.894	1
-55.88	0
-56.614	1
-55.914	0
-56.49	1
-55.982	0
-56.39	1
-55.858	0
-56.375	1
-55.55	0
-56.41	1
-55.411	0
-56.333	1
-55.305	0
-56.33	1
-55.149	0
-55.95	1
-55.044	0
-55.777	1
-55.031	0
-55.443	1
-55.073	0
-55.153	1
-55.009	0
-60	1
-60	0
-60	1
-60	0
-60	1
-60	0
-60	1
-60	0
-60	1
-60	0
-60	1
-60	0
-60	1
-60	0
-60	1
-60	0
-60	1
-60	0
-60	1
-60	0
-60	1
-60	0
-60	1
-60	0
-60	1
-60	0
-60	1
-60	0
-60	1
-60	0
-60	1
-60	0
-60	1
-60	0
-60	1
-60	0
-60	1
-60	0
-60	1
-60	0
-60	1
-60	0
-59.983	1
-59.757	0
-59.936	1
-59.576	0
-59.945	1
-59.43	0
-59.988	1
-59.307	0
-59.825	1
-59.281	0
-59.698	1
-59.158	0
-59.438	1
-59.051	0
-59.323	1
-59.037	0
-59.303	1
-59.072	0
-59.259	1
-59.072	0
-59.137	1
-59.044	0
-59.108	1
-58.933	0
-58.924	1
-58.915	0
-58.862	1
-58.951	0
-58.871	1
-58.871	0
-58.849	1
-58.878	0
-58.892	1
-58.93	0
-58.965	1
-59.008	0
-59.056	1
-59.027	0
-59.082	1
-58.936	0
-58.921	1
-58.925	0
-58.868	1
-58.889	0
-58.881	1
-58.91	0
-58.784	1
-58.975	0
-58.632	1
-59.059	0
-58.44	1
-59.153	0
-58.371	1
-59.263	0
-58.239	1
-59.374	0
-58.136	1
-59.41	0
-57.759	1
-59.485	0
-57.593	1
-59.501	0
-57.401	1
-59.556	0
-57.266	1
-59.557	0
-57.237	1
-59.62	0
-57.29	1
-59.727	0
-57.401	1
-59.77	0
-57.458	1
-59.848	0
-57.481	1
-59.796	0
-57.554	1
-59.74	0
-57.656	1
-59.755	0
-57.773	1
-59.663	0
-57.826	1
-59.515	0
-57.632	1
-59.487	0
-57.44	1
-59.373	0
-57.385	1
-59.135	0
-57.267	1
-58.969	0
-57.039	1
-58.784	0
-56.829	1
-58.664	0
-56.704	1
-58.575	0
-56.622	1
-58.587	0
-56.647	1
-58.506	0
-56.726	1
-58.368	0
-56.837	1
-58.268	0
-56.965	1
-58.118	0
-57.102	1
-58.082	0
-57.099	1
-57.969	0
-57.154	1
-57.809	0
-57.242	1
-57.765	0
-57.349	1
-57.79	0
-57.394	1
-57.804	0
-57.423	1
-57.807	0
-57.508	1
-57.724	0
-57.404	1
-57.587	0
-57.4	1
-57.563	0
-57.456	1
-57.532	0
-57.474	1
-57.425	0
-57.54	1
-57.343	0
-57.634	1
-57.347	0
-57.743	1
-57.403	0
-57.787	1
-57.282	0
-57.657	1
-57.265	0
-57.633	1
-57.308	0
-57.671	1
-57.243	0
-57.745	1
-57.113	0
-57.839	1
-57.014	0
-57.945	1
-56.935	0
-57.911	1
-56.795	0
-57.721	1
-56.761	0
-57.581	1
-56.8	0
-57.483	1
-56.674	0
-57.485	1
-56.654	0
-57.395	1
-56.696	0
-57.321	1
-56.704	0
-57.256	1
-56.761	0
-57.268	1
-56.847	0
-57.253	1
-56.877	0
-57.293	1
-56.945	0
-57.151	1
-56.892	0
-57.041	1
-56.848	0
-57.034	1
-56.801	0
-57.081	1
-56.835	0
-57.026	1
-56.837	0
-56.975	1
-56.891	0
-56.924	1
-56.975	0
-56.946	1
-57.004	0
-56.937	1
-57.071	0
-56.982	1
-57.088	0
-56.986	1
-57.157	0
-57.048	1
-57.177	0
-57.136	1
-57.024	0
-57.238	1
-56.982	0
-57.205	1
-57.038	0
-57.265	1
-57.059	0
-57.288	1
-57.069	0
-57.298	1
-56.85	0
-57.291	1
-56.708	0
-57.202	1
-56.681	0
-57.206	1
-56.653	0
-57.121	1
-56.621	0
-57.126	1
-56.588	0
-57.183	1
-56.551	0
-57.27	1
-56.513	0
-57.374	1
-56.473	0
-57.415	1
-56.512	0
-57.5	1
-56.45	0
-57.604	1
-56.255	0
-57.572	1
-56.193	0
-57.388	1
-56.069	0
-57.183	1
-56.059	0
-57.05	1
-56.109	0
-56.952	1
-56.124	0
-56.945	1
-56.187	0
-56.993	1
-56.278	0
-57.072	1
-56.315	0
-57.169	1
-56.387	0
-57.204	1
-56.481	0
-57.129	1
-56.516	0
-57.132	1
-56.514	0
-57.108	1
-56.49	0
-57.068	1
-56.523	0
-56.946	1
-56.518	0
-56.919	1
-56.491	0
-56.876	1
-56.449	0
-56.894	1
-56.409	0
-56.889	1
-56.363	0
-56.719	1
-56.384	0
-56.593	1
-56.373	0
-56.494	1
-56.202	0
-56.34	1
-56.146	0
-56.223	1
-56.17	0
-56.07	1
-56.094	0
-56.028	1
-55.887	0
-55.912	1
-55.742	0
-55.892	1
-55.635	0
-55.789	1
-55.62	0
-55.705	1
-55.589	0
-55.564	1
-55.561	0
-55.469	1
-55.525	0
-55.464	1
-55.416	0
-55.512	1
-55.401	0
-55.522	1
-55.373	0
-55.508	1
-55.336	0
-55.548	1
-55.017	0
-55.621	1
-60	0
-55.504	1
-60	0
-55.411	1
-60	0
-55.127	1
-60	0
-60	1
-60	0
-60	1
-60	0
-60	1
-60	0
-60	1
-60	0
-60	1
-60	0
-60	1
-60	0
-60	1
-60	0
-60	1
-60	0
-60	1
-60	0
-60	1
-60	0
-60	1
-60	0
-60	1
-60	0
-60	1
-60	0
-60	1
-60	0
-60	1
-60	0
-60	1
-60	0
-60	1
-60	0
-60	1
-59.802	0
-60	1
-59.495	0
-60	1
-59.347	0
-60	1
-59.146	0
-59.834	1
-58.988	0
-59.768	1
-58.856	0
-59.763	1
-58.76	0
-59.814	1
-58.745	0
-59.884	1
-58.8	0
-59.985	1
-58.808	0
-59.79	1
-58.724	0
-59.579	1
-58.724	0
-59.426	1
-58.7	0
-59.382	1
-58.661	0
-59.327	1
-58.623	0
-59.276	1
-58.577	0
-59.22	1
-58.527	0
-59.16	1
-58.399	0
-58.875	1
-58.298	0
-58.679	1
-58.14	0
-58.461	1
-57.947	0
-58.304	1
-57.662	0
-57.966	1
-57.478	0
-57.821	1
-57.43	0
-57.577	1
-57.311	0
-57.414	1
-57.294	0
-57.369	1
-57.264	0
-57.394	1
-57.011	0
-57.46	1
-56.841	0
-57.407	1
-56.801	0
-57.362	1
-56.831	0
-57.317	1
-56.913	0
-57.208	1
-56.876	0
-57.127	1
-56.848	0
-56.929	1
-56.818	0
-56.796	1
-56.857	0
-56.561	1
-56.865	0
-56.336	1
-56.924	0
-56.117	1
-57.012	0
-56.041	1
-56.986	0
-56.062	1
-57.025	0
-55.853	1
-57.031	0
-55.716	1
-57.015	0
-55.69	1
-57.058	0
-55.732	1
-57.074	0
-55.753	1
-57.066	0
-55.685	1
-57.054	0
-55.643	1
-57.102	0
-55.608	1
-56.829	0
-55.578	1
-56.649	0
-55.618	1
-56.595	0
-55.56	1
-56.616	0
-55.582	1
-56.68	0
-55.442	1
-56.771	0
-55.344	1
-56.733	0
-55.202	1
-56.688	0
-60	1
-56.64	0
-60	1
-56.659	0
-60	1
-56.647	0
-60	1
-56.545	0
-60	1
-56.46	0
-60	1
-56.396	0
-60	1
-56.137	0
-60	1
-55.966	0
-60	1
-55.928	0
-60	1
-55.962	0
-60	1
-56.038	0
-60	1
-56.138	0
-60	1
-56.263	0
-60	1
-56.323	0
-60	1
-56.273	0
-60	1
-56.297	0
-60	1
-56.365	0
-60	1
-56.457	0
-60	1
-56.564	0
-60	1
-56.618	0
-60	1
-56.703	0
-59.997	1
-56.805	0
-59.961	1
-56.846	0
-59.829	1
-56.778	0
-59.79	1
-56.573	0
-59.807	1
-56.499	0
-59.706	1
-56.362	0
-59.609	1
-56.258	0
-59.589	1
-56.173	0
-59.541	1
-56.099	0
-59.474	1
-55.961	0
-59.397	1
-55.856	0
-59.313	1
-55.84	0
-59.226	1
-55.807	0
-59.135	1
-55.693	0
-58.896	1
-55.532	0
-58.789	1
-55.423	0
-58.698	1
-55.408	0
-58.683	1
-55.471	0
-58.735	1
-55.496	0
-58.811	1
-55.566	0
-58.829	1
-55.524	0
-58.736	1
-55.564	0
-58.661	1
-55.656	0
-58.599	1
-55.713	0
-58.403	1
-55.669	0
-58.265	1
-55.635	0
-58.089	1
-55.616	0
-57.973	1
-55.528	0
-57.886	1
-55.33	0
-57.888	1
-55.203	0
-57.869	1
-55.188	0
-57.765	1
-55.113	0
-57.764	1
-55.13	0
-57.746	1
-55.203	0
-57.715	1
-55.168	0
-57.676	1
-55.207	0
-57.632	1
-55.219	0
-57.656	1
-55.215	0
-57.72	1
-55.269	0
-57.734	1
-55.287	0
-57.79	1
-55.295	0
-57.881	1
-55.219	0
-57.985	1
-55.23	0
-58.023	1
-55.224	0
-58.02	1
-55.206	0
-58.065	1
-55.181	0
-58.137	1
-55.22	0
-58.152	1
-55.226	0
-58.132	1
-55.225	0
-58.029	1
-55.004	0
-58.013	1
-60	0
-57.987	1
-60	0
-57.948	1
-60	0
-57.9	1
-60	0
-57.93	1
-60	0
-58.008	1
-60	0
-58.035	1
-60	0
-57.813	1
-60	0
-57.731	1
-60	0
-57.743	1
-60	0
-57.803	1
-60	0
-57.892	1
-60	0
-57.851	1
-60	0
-57.876	1
-60	0
-57.868	1
-60	0
-57.766	1
-60	0
-57.681	1
-60	0
-57.471	1
-60	0
-57.335	1
-60	0
-57.165	1
-60	0
-57.045	1
-60	0
-56.894	1
-59.986	0
-56.86	1
-59.806	0
-56.835	1
-59.776	0
-56.911	1
-59.666	0
-56.811	1
-59.582	0
-56.747	1
-59.586	0
-56.774	1
-59.493	0
-56.854	1
-59.425	0
-56.975	1
-59.45	0
-57.123	1
-59.521	0
-57.277	1
-59.62	0
-57.433	1
-59.509	0
-57.517	1
-59.43	0
-57.638	1
-59.449	0
-57.782	1
-59.442	0
-57.86	1
-59.494	0
-57.896	1
-59.505	0
-57.906	1
-59.425	0
-57.763	1
-59.433	0
-57.595	1
-59.343	0
-57.268	1
-59.277	0
-57.144	1
-59.146	0
-57.132	1
-59.131	0
-57.198	1
-58.968	0
-57.313	1
-58.782	0
-57.232	1
-58.73	0
-57.176	1
-58.756	0
-57.206	1
-58.691	0
-57.225	1
-58.563	0
-57.085	1
-58.398	0
-56.994	1
-58.283	0
-56.858	1
-58.125	0
-56.766	1
-58.085	0
-56.772	1
-57.97	0
-56.762	1
-57.954	0
-56.743	1
-57.997	0
-56.788	1
-58.002	0
-56.728	1
-58.055	0
-56.676	1
-58.063	0
-56.698	1
-57.971	0
-56.764	1
-57.891	0
-56.713	1
-57.756	0
-56.745	1
-57.653	0
-56.604	1
-57.641	0
-56.574	1
-57.622	0
-56.407	1
-57.59	0
-56.292	1
-57.478	0
-56.138	1
-57.328	0
-55.902	1
-57.221	0
-55.819	1
-57.138	0
-55.827	1
-57.152	0
-55.761	1
-57.216	0
-55.781	1
-57.247	0
-55.793	1
-57.251	0
-55.863	1
-57.308	0
-55.824	1
-57.408	0
-55.872	1
-57.452	0
-55.962	1
-57.401	0
-56.018	1
-57.213	0
-56.114	1
-56.873	0
-56.163	1
-56.656	0
-56.182	1
-56.442	0
-56.111	1
-56.3	0
-56.056	1
-56.201	0
-56.01	1
-56.196	0
-55.969	1
-56.108	0
-55.999	1
-56.038	0
-56.001	1
-55.98	0
-55.636	1
-55.997	0
-55.403	1
-55.919	0
-55.316	1
-55.947	0
-55.203	1
-55.951	0
-60	1
-55.882	0
-60	1
-55.901	0
-60	1
-55.902	0
-60	1
-55.89	0
-60	1
-55.8	0
-60	1
-55.733	0
-60	1
-55.678	0
-60	1
-55.7	0
-60	1
-55.698	0
-60	1
-55.68	0
-60	1
-55.721	0
-60	1
-55.798	0
-60	1
-55.825	0
-60	1
-55.612	0
-60	1
-55.534	0
-60	1
-55.409	0
-60	1
-55.388	0
-60	1
-55.358	0
-60	1
-55.323	0
-60	1
-55.146	0
-60	1
-55.103	0
-59.938	1
-60	0
-59.94	1
-60	0
-59.98	1
-60	0
-60.053	1
-60	0
-60.062	1
-60	0
-60.041	1
-60	0
-60.072	1
-60	0
-60.057	1
-60	0
-60.014	1
-60	0
-60.038	1
-60	0
-60.096	1
-60	0
-60.098	1
-60	0
-59.989	1
-60	0
-59.965	1
-60	0
-59.616	1
-60	0
-59.448	1
-60	0
-59.24	1
-60	0
-59.155	1
-60	0
-59.07	1
-60	0
-58.838	1
-60	0
-58.738	1
-60	0
-58.645	1
-60.028	0
-58.409	1
-60.08	0
-58.307	1
-60.146	0
-58.285	1
-60.144	0
-58.311	1
-60.1	0
-58.366	1
-59.882	0
-58.437	1
-59.709	0
-58.371	1
-59.565	0
-58.295	1
-59.531	0
-58.089	1
-59.552	0
-58.011	1
-59.529	0
-57.935	1
-59.554	0
-57.934	1
-59.608	0
-57.904	1
-59.603	0
-57.711	1
-59.637	0
-57.567	1
-59.62	0
-57.379	1
-59.645	0
-57.309	1
-59.622	0
-57.238	1
-59.568	0
-57.094	1
-59.496	0
-56.979	1
-59.414	0
-56.952	1
-59.399	0
-56.906	1
-59.275	0
-56.92	1
-59.236	0
-56.97	1
-59.024	0
-56.969	1
-58.784	0
-56.938	1
-58.675	0
-56.888	1
-58.572	0
-56.898	1
-58.554	0
-56.955	1
-58.52	0
-57.043	1
-58.54	0
-57.07	1
-58.593	0
-57.061	1
-58.592	0
-57.028	1
-58.485	0
-56.982	1
-58.46	0
-56.927	1
-58.484	0
-56.795	1
-58.464	0
-56.617	1
-58.417	0
-56.484	1
-58.364	0
-56.458	1
-58.301	0
-56.349	1
-58.303	0
-56.33	1
-58.273	0
-56.154	1
-58.221	0
-56.095	1
-58.158	0
-56.035	1
-57.941	0
-55.975	1
-57.778	0
-55.914	1
-57.648	0
-55.853	1
-57.465	0
-55.861	1
-57.252	0
-55.841	1
-56.95	0
-55.873	1
-56.739	0
-55.866	1
-56.583	0
-55.696	1
-56.53	0
-55.637	1
-56.327	0
-55.646	1
-55.977	0
-55.636	1
-55.743	0
-55.607	1
-55.65	0
-55.566	1
-55.5	0
-55.588	1
-55.387	0
-55.647	1
-55.296	0
-55.728	1
-55.287	0
-55.821	1
-55.223	0
-55.955	1
-55.104	0
-56.09	1
-55.089	0
-56.085	1
-55.136	0
-56.134	1
-55.093	0
-56.086	1
-55.056	0
-55.972	1
-55.034	0
-55.9	1
-60	0
-55.844	1
-60	0
-55.797	1
-60	0
-55.826	1
-60	0
-55.699	1
-60	0
-55.474	1
-60	0
-55.408	1
-60	0
-55.361	1
-60	0
-55.336	1
-60	0
-55.314	1
-60	0
-55.364	1
-60	0
-55.454	1
-60	0
-55.51	1
-60	0
-55.467	1
-60	0
-55.433	1
-60	0
-55.472	1
-60	0
-55.486	1
-60	0
-55.413	1
-60	0
-55.368	1
-60	0
-55.263	1
-60	0
-55.26	1
-60	0
-55.178	1
-59.964	0
-55.049	1
-59.994	0
-55.041	1
-59.981	0
-60	1
-60.016	0
-60	1
-60.08	0
-60	1
-59.783	0
-60	1
-59.658	0
-60	1
-59.627	0
-60	1
-59.502	0
-60	1
-59.407	0
-60	1
-59.322	0
-60	1
-59.242	0
-60	1
-59.165	0
-60	1
-59.089	0
-60	1
-58.94	0
-60	1
-58.894	0
-60	1
-58.762	0
-60	1
-58.653	0
-60	1
-58.629	0
-60	1
-58.667	0
-60	1
-58.662	0
-60	1
-58.712	0
-60	1
-58.716	0
-60	1
-58.627	0
-59.937	1
-58.487	0
-59.803	1
-58.381	0
-59.546	1
-58.306	0
-59.45	1
-58.253	0
-59.452	1
-58.215	0
-59.516	1
-58.251	0
-59.385	1
-58.185	0
-59.36	1
-58.202	0
-59.397	1
-58.194	0
-59.174	1
-58.171	0
-59.09	1
-57.991	0
-58.943	1
-57.875	0
-58.84	1
-57.86	0
-58.683	1
-57.833	0
-58.641	1
-57.871	0
-58.666	1
-57.945	0
-58.511	1
-58.041	0
-58.394	1
-58.148	0
-58.226	1
-58.188	0
-58.101	1
-58.26	0
-57.856	1
-58.203	0
-57.684	1
-58.08	0
-57.568	1
-57.91	0
-57.477	1
-57.712	0
-57.4	1
-57.581	0
-57.415	1
-57.338	0
-57.404	1
-57.183	0
-57.244	1
-56.932	0
-57.203	1
-56.694	0
-57.161	1
-56.536	0
-57.117	1
-56.283	0
-57.071	1
-56.127	0
-57.035	1
-56.02	0
-57.068	1
-55.874	0
-57.14	1
-55.563	0
-57.165	1
-55.434	0
-57.231	1
-55.135	0
-57.177	1
-60	0
-57.122	1
-60	0
-57.139	1
-60	0
-56.982	1
-60	0
-56.804	1
-60	0
-56.608	1
-60	0
-56.47	1
-60	0
-56.179	1
-60	0
-55.854	1
-60	0
-55.649	1
-60	0
-55.526	1
-60	0
-55.375	1
-60	0
-55.277	1
-60	0
-55.14	1
-60	0
-55.118	1
-60	0
-55.163	1
-60	0
-55.248	1
-60	0
-55.286	1
-60	0
-55.295	1
-60	0
-55.228	1
-60	0
-55.108	1
-60	0
-55.093	1
-59.98	0
-55.141	1
-60.009	0
-55.087	1
-60.075	0
-60	1
-60.082	0
-60	1
-59.986	0
-60	1
-59.972	0
-60	1
-60.037	0
-60	1
-60.127	0
-60	1
-60.157	0
-60	1
-60.158	0
-60	1
-60.135	0
-60	1
-60.096	0
-60	1
-60.122	0
-60	1
-60.12	0
-60	1
-60.169	0
-60	1
-60.096	0
-60	1
-60.026	0
-60	1
-60.04	0
-60	1
-60.098	0
-60	1
-60.181	0
-60	1
-60.278	0
-60	1
-60.306	0
-60	1
-60.14	0
-60	1
-59.935	0
-59.958	1
-59.78	0
-59.826	1
-59.657	0
-59.716	1
-59.625	0
-59.692	1
-59.649	0
-59.645	1
-59.704	0
-59.659	1
-59.629	0
-59.558	1
-59.623	0
-59.463	1
-59.67	0
-59.382	1
-59.59	0
-59.228	1
-59.584	0
-58.956	1
-59.547	0
-58.763	1
-59.49	0
-58.617	1
-59.422	0
-58.352	1
-59.133	0
-58.247	1
-58.93	0
-58.157	1
-58.704	0
-58.003	1
-58.539	0
-57.811	1
-58.483	0
-57.525	1
-58.429	0
-57.411	1
-58.443	0
-57.319	1
-58.495	0
-57.24	1
-58.571	0
-57.241	1
-58.587	0
-57.289	1
-58.575	0
-57.232	1
-58.54	0
-57.104	1
-58.491	0
-57.076	1
-58.432	0
-56.966	1
-58.451	0
-56.816	1
-58.509	0
-56.636	1
-58.515	0
-56.58	1
-58.418	0
-56.597	1
-58.258	0
-56.657	1
-58.06	0
-56.671	1
-57.986	0
-56.658	1
-57.985	0
-56.555	1
-57.893	0
-56.481	1
-57.811	0
-56.347	1
-57.736	0
-56.246	1
-57.592	0
-56.236	1
-57.551	0
-56.279	1
-57.438	0
-56.295	1
-57.429	0
-56.367	1
-57.403	0
-56.394	1
-57.366	0
-56.394	1
-57.249	0
-56.375	1
-57.157	0
-56.275	1
-57.079	0
-56.267	1
-56.938	0
-56.313	1
-56.901	0
-56.319	1
-56.784	0
-56.232	1
-56.619	0
-56.157	1
-56.425	0
-56.161	1
-56.367	0
-56.222	1
-56.383	0
-56.24	1
-56.442	0
-56.23	1
-56.385	0
-56.203	1
-56.34	0
-56.106	1
-56.375	0
-55.971	1
-56.451	0
-55.946	1
-56.479	0
-55.847	1
-56.549	0
-55.841	1
-56.571	0
-55.892	1
-56.564	0
-55.905	1
-56.539	0
-55.894	1
-56.513	0
-55.95	1
-56.409	0
-55.689	1
-56.409	0
-55.389	1
-56.323	0
-55.269	1
-56.325	0
-55.254	1
-56.099	0
-55.302	1
-55.876	0
-55.248	1
-55.796	0
-55.201	1
-55.73	0
-55.159	1
-55.673	0
-55.187	1
-55.482	0
-55.119	1
-55.418	0
-55.13	1
-55.362	0
-55.12	1
-55.309	0
-55.165	1
-55.2	0
-55.046	1
-55.051	0
-60	1
-55.026	0
-60	1
-55.08	0
-60	1
-55.034	0
-60	1
-55.066	0
-60	1
-55.142	0
-60	1
-55.257	0
-60	1
-55.177	0
-60	1
-55.189	0
-60	1
-55.253	0
-60	1
-55.348	0
-60	1
-55.472	0
-60	1
-55.489	0
-60	1
-55.494	0
-60	1
-55.572	0
-60	1
-55.697	0
-60	1
-55.7	0
-60	1
-55.71	0
-60	1
-55.785	0
-60	1
-55.909	0
-60	1
-55.842	0
-60	1
-55.87	0
-60.091	1
-55.953	0
-59.97	1
-55.857	0
-59.949	1
-55.794	0
-59.985	1
-55.76	0
-59.839	1
-55.735	0
-59.727	1
-55.783	0
-59.561	1
-55.666	0
-59.436	1
-55.449	0
-59.336	1
-55.391	0
-59.112	1
-55.421	0
-59.028	1
-55.363	0
-59.029	1
-55.321	0
-59.005	1
-55.149	0
-58.965	1
-55.118	0
-58.925	1
-55.094	0
-58.951	1
-55.004	0
-58.868	1
-55.011	0
-58.867	1
-55.076	0
-58.84	1
-55.036	0
-58.724	1
-60	0
-58.637	1
-60	0
-58.634	1
-60	0
-58.68	1
-60	0
-58.755	1
-60	0
-58.847	1
-60	0
-58.947	1
-60	0
-59.051	1
-60	0
-59.082	1
-60	0
-59.079	1
-60	0
-59.122	1
-60	0
-59.192	1
-60	0
-59.203	1
-60	0
-59.177	1
-60	0
-59.129	1
-60	0
-59.068	1
-60	0
-59.071	1
-60	0
-59.113	1
-60	0
-59.05	1
-60	0
-58.911	1
-60	0
-58.799	1
-60	0
-58.703	1
-59.888	0
-58.617	1
-59.786	0
-58.61	1
-59.7	0
-58.586	1
-59.616	0
-58.471	1
-59.459	0
-58.375	1
-59.333	0
-58.29	1
-59.309	0
-58.295	1
-59.191	0
-58.126	1
-59.164	0
-58.073	1
-59.191	0
-58.088	1
-59.176	0
-58.144	1
-58.987	0
-58.222	1
-58.842	0
-58.24	1
-58.797	0
-58.222	1
-58.737	0
-58.181	1
-58.669	0
-58.127	1
-58.668	0
-58.136	1
-58.708	0
-58.037	1
-58.697	0
-57.874	1
-58.51	0
-57.601	1
-58.217	0
-57.407	1
-58.081	0
-57.189	1
-57.966	0
-57.029	1
-57.937	0
-56.761	1
-57.958	0
-56.572	1
-58.02	0
-56.513	1
-58.026	0
-56.452	1
-58.009	0
-56.191	1
-58.043	0
-56.084	1
-58.044	0
-56.081	1
-57.947	0
-56.062	1
-57.862	0
-55.962	1
-57.784	0
-55.884	1
-57.783	0
-55.888	1
-57.682	0
-55.941	1
-57.449	0
-55.953	1
-57.365	0
-56.02	1
-57.291	0
-56.042	1
-57.15	0
-55.966	1
-57.113	0
-55.901	1
-56.994	0
-55.912	1
-56.969	0
-55.969	1
-56.868	0
-55.993	1
-56.856	0
-55.989	1
-56.756	0
-55.758	1
-56.672	0
-55.67	1
-56.528	0
-55.669	1
-56.501	0
-55.59	1
-56.464	0
-55.597	1
-56.433	0
-55.595	1
-56.467	0
-55.442	1
-56.47	0
-55.267	1
-56.452	0
-55.149	1
-56.444	0
-55.018	1
-56.496	0
-55.003	1
-56.443	0
-60	1
-56.467	0
-60	1
-56.465	0
-60	1
-56.376	0
-60	1
-56.246	0
-60	1
-56.224	0
-60	1
-56.056	0
-60	1
-55.962	0
-60	1
-55.969	0
-60	1
-55.846	0
-60	1
-55.771	0
-60	1
-55.665	0
-60	1
-55.682	0
-60	1
-55.764	0
-60	1
-55.883	0
-60	1
-55.953	0
-60	1
-56.06	0
-60	1
-55.909	0
-60	1
-55.823	0
-60	1
-55.768	0
-60	1
-55.801	0
-60	1
-55.825	0
-59.964	1
-55.836	0
-59.918	1
-55.837	0
-59.941	1
-55.831	0
-59.928	1
-55.622	0
-59.754	1
-55.563	0
-59.625	1
-55.464	0
-59.534	1
-55.196	0
-59.457	1
-60	0
-59.463	1
-60	0
-59.517	1
-60	0
-59.524	1
-60	0
-59.512	1
-60	0
-59.406	1
-60	0
-59.412	1
-60	0
-59.323	1
-60	0
-59.324	1
-60	0
-59.303	1
-60	0
-59.205	1
-60	0
-59.2	1
-60	0
-59.187	1
-60	0
-59.245	1
-60	0
-59.263	1
-60	0
-59.181	1
-60	0
-59.187	1
-60	0
-59.023	1
-60	0
-58.903	1
-60	0
-58.884	1
-60	0
-58.713	1
-60	0
-58.445	1
-59.738	0
-58.266	1
-59.63	0
-58.066	1
-59.315	0
-57.855	1
-59.1	0
-57.708	1
-59.019	0
-57.673	1
-58.869	0
-57.631	1
-58.753	0
-57.584	1
-58.739	0
-57.544	1
-58.642	0
-57.511	1
-58.563	0
-57.403	1
-58.566	0
-57.249	1
-58.617	0
-57.14	1
-58.623	0
-57.057	1
-58.675	0
-57.059	1
-58.678	0
-56.97	1
-58.653	0
-56.968	1
-58.62	0
-56.885	1
-58.574	0
-56.818	1
-58.594	0
-56.831	1
-58.653	0
-56.89	1
-58.659	0
-56.977	1
-58.488	0
-57.008	1
-58.429	0
-57.004	1
-58.438	0
-56.907	1
-58.413	0
-56.897	1
-58.441	0
-56.867	1
-58.363	0
-56.835	1
-58.362	0
-56.795	1
-58.333	0
-56.82	1
-58.359	0
-56.812	1
-58.417	0
-56.713	1
-58.422	0
-56.56	1
-58.466	0
-56.444	1
-58.387	0
-56.422	1
-58.308	0
-56.314	1
-58.227	0
-56.225	1
-58.157	0
-56.229	1
-57.95	0
-56.292	1
-57.801	0
-56.312	1
-57.687	0
-56.375	1
-57.592	0
-56.464	1
-57.509	0
-56.284	1
-57.444	0
-56.167	1
-57.31	0
-55.939	1
-57.279	0
-55.716	1
-57.246	0
-55.438	1
-57.289	0
-55.271	1
-57.153	0
-55.093	1
-57.054	0
-55.047	1
-56.904	0
-55.078	1
-56.664	0
-55.098	1
-56.505	0
-55.101	1
-56.347	0
-55.187	1
-56.314	0
-55.235	1
-56.297	0
-55.341	1
-56.279	0
-55.403	1
-56.332	0
-55.505	1
-56.424	0
-55.492	1
-56.469	0
-55.477	1
-56.483	0
-55.53	1
-56.549	0
-55.414	1
-56.573	0
-55.265	1
-56.643	0
-55.235	1
-56.667	0
-55.275	1
-56.745	0
-55.16	1
-56.847	0
-60	1
-56.891	0
-60	1
-56.828	0
-60	1
-56.771	0
-60	1
-56.799	0
-60	1
-56.728	0
-60	1
-56.597	0
-60	1
-56.501	0
-60	1
-56.496	0
-60	1
-56.544	0
-60	1
-56.482	0
-60	1
-56.354	0
-60	1
-56.186	0
-60	1
-56.135	0
-60	1
-56.013	0
-60	1
-56	0
-60	1
-55.834	0
-60	1
-55.798	0
-60	1
-55.773	0
-60	1
-55.816	0
-60	1
-55.76	0
-60	1
-55.782	0
-59.955	1
-55.851	0
-59.971	1
-55.877	0
-60.021	1
-55.945	0
-60.091	1
-55.829	0
-59.947	1
-55.752	0
-59.909	1
-55.634	0
-59.938	1
-55.621	0
-59.85	1
-55.486	0
-59.561	1
-55.47	0
-59.44	1
-55.455	0
-59.342	1
-55.508	0
-59.259	1
-55.532	0
-59.184	1
-55.479	0
-59.196	1
-55.44	0
-59.254	1
-55.41	0
-59.189	1
-55.383	0
-59.198	1
-55.427	0
-59.176	1
-55.443	0
-59.136	1
-55.533	0
-59.103	1
-55.535	0
-59.081	1
-55.537	0
-59.052	1
-55.538	0
-59.09	1
-55.607	0
-59.02	1
-55.586	0
-58.968	1
-55.572	0
-58.993	1
-55.562	0
-58.989	1
-55.552	0
-58.893	1
-55.54	0
-58.888	1
-55.597	0
-58.789	1
-55.623	0
-58.78	1
-55.71	0
-58.615	1
-55.616	0
-58.568	1
-55.622	0
-58.519	1
-55.559	0
-58.477	1
-55.584	0
-58.214	1
-55.593	0
-57.965	1
-55.52	0
-57.652	1
-55.536	0
-57.446	1
-55.605	0
-57.232	1
-55.705	0
-57.014	1
-55.751	0
-56.864	1
-55.776	0
-56.695	1
-55.652	0
-56.589	1
-55.569	0
-56.514	1
-55.581	0
-56.385	1
-55.578	0
-56.364	1
-55.634	0
-56.338	1
-55.528	0
-56.388	1
-55.248	0
-56.194	1
-55.004	0
-55.924	1
-60	0
-55.821	1
-60	0
-55.815	1
-60	0
-55.797	1
-60	0
-55.632	1
-60	0
-55.599	1
-60	0
-55.648	1
-60	0
-55.599	1
-60	0
-55.42	1
-60	0
-55.372	1
-60	0
-55.263	1
-60	0
-55.255	1
-60	0
-55.169	1
-60	0
-55.104	1
-60	0
-55.144	1
-60	0
-55.161	1
-60	0
-55.025	1
-60	0
-60	1
-60	0
-60	1
-60	0
-60	1
-60	0
-60	1
-60	0
-60	1
-59.995	0
-60	1
-59.959	0
-60	1
-59.903	0
-60	1
-59.911	0
-60	1
-59.956	0
-60	1
-59.872	0
-60	1
-59.72	0
-60	1
-59.522	0
-60	1
-59.455	0
-60	1
-59.46	0
-60	1
-59.358	0
-60	1
-59.266	0
-60	1
-59.19	0
-60	1
-59.063	0
-60	1
-59.039	0
-60	1
-59.076	0
-60	1
-59.148	0
-60.026	1
-59.167	0
-59.862	1
-59.078	0
-59.66	1
-58.924	0
-59.584	1
-58.804	0
-59.509	1
-58.706	0
-59.433	1
-58.619	0
-59.431	1
-58.612	0
-59.398	1
-58.663	0
-59.356	1
-58.593	0
-59.375	1
-58.535	0
-59.292	1
-58.55	0
-59.29	1
-58.607	0
-59.26	1
-58.552	0
-59.297	1
-58.57	0
-59.367	1
-58.566	0
-59.466	1
-58.396	0
-59.35	1
-58.346	0
-59.329	1
-58.366	0
-59.364	1
-58.354	0
-59.356	1
-58.333	0
-59.332	1
-58.153	0
-59.366	1
-58.023	0
-59.359	1
-57.851	0
-59.326	1
-57.797	0
-59.351	1
-57.742	0
-59.41	1
-57.613	0
-59.415	1
-57.512	0
-59.386	1
-57.427	0
-59.261	1
-57.423	0
-59.228	1
-57.395	0
-59.249	1
-57.425	0
-59.228	1
-57.416	0
-59.181	1
-57.311	0
-59.117	1
-57.16	0
-58.981	1
-57.118	0
-58.867	1
-57.162	0
-58.861	1
-57.17	0
-58.759	1
-57.229	0
-58.452	1
-57.255	0
-58.181	1
-57.253	0
-57.997	1
-57.234	0
-57.866	1
-57.275	0
-57.766	1
-57.219	0
-57.622	1
-57.097	0
-57.517	1
-57.006	0
-57.291	1
-56.934	0
-57.065	1
-56.872	0
-56.982	1
-56.886	0
-56.983	1
-56.946	0
-57.035	1
-56.961	0
-57.044	1
-57.019	0
-56.742	1
-57.102	0
-56.54	1
-57.199	0
-56.397	1
-57.232	0
-56.149	1
-57.297	0
-55.909	1
-57.32	0
-55.756	1
-57.382	0
-55.647	1
-57.394	0
-55.634	1
-57.448	0
-55.539	1
-57.464	0
-55.544	1
-57.307	0
-55.602	1
-57.189	0
-55.69	1
-57.166	0
-55.726	1
-56.985	0
-55.799	1
-56.924	0
-55.754	1
-56.933	0
-55.568	1
-56.925	0
-55.449	1
-56.99	0
-55.177	1
-56.943	0
-55.077	1
-56.838	0
-60	1
-56.702	0
-60	1
-56.398	0
-60	1
-56.137	0
-60	1
-56.041	0
-60	1
-55.974	0
-60	1
-56.014	0
-60	1
-56.034	0
-60	1
-56.109	0
-60	1
-56.216	0
-60	1
-56.201	0
-60	1
-56.18	0
-60	1
-56.178	0
-60	1
-56.242	0
-60	1
-56.273	0
-60	1
-56.365	0
-60	1
-56.506	0
-60	1
-56.59	0
-60	1
-56.447	0
-60	1
-56.296	0
-60	1
-56.208	0
-60	1
-56.086	0
-59.94	1
-56.084	0
-59.736	1
-56.081	0
-59.52	1
-56.146	0
-59.445	1
-56.18	0
-59.305	1
-56.265	0
-59.199	1
-56.377	0
-59.04	1
-56.506	0
-58.996	1
-56.642	0
-59.02	1
-56.71	0
-59.009	1
-56.806	0
-59.051	1
-56.848	0
-59.05	1
-56.926	0
-59.021	1
-56.883	0
-58.901	1
-56.837	0
-58.801	1
-56.719	0
-58.785	1
-56.698	0
-58.82	1
-56.735	0
-58.81	1
-56.817	0
-58.783	1
-56.858	0
-58.822	1
-56.866	0
-58.82	1
-56.853	0
-58.792	1
-56.826	0
-58.822	1
-56.731	0
-58.674	1
-56.658	0
-58.634	1
-56.456	0
-58.658	1
-56.248	0
-58.426	1
-56.129	0
-58.281	1
-56.119	0
-58.102	1
-56.173	0
-57.831	1
-56.193	0
-57.649	1
-56.133	0
-57.459	1
-56.017	0
-57.258	1
-55.878	0
-57.06	1
-55.858	0
-56.93	1
-55.837	0
-56.696	1
-55.746	0
-56.472	1
-55.611	0
-56.325	1
-55.59	0
-56.153	1
-55.426	0
-55.965	1
-55.397	0
-55.85	1
-55.233	0
-55.841	1
-60	0
-55.893	1
-60	0
-55.911	1
-60	0
-55.978	1
-60	0
-55.932	1
-60	0
-55.97	1
-60	0
-56.05	1
-60	0
-56.165	1
-60	0
-56.233	1
-60	0
-56.334	1
-60	0
-56.454	1
-60	0
-56.595	1
-60	0
-56.609	1
-60	0
-56.609	1
-60	0
-56.669	1
-60	0
-56.765	1
-60	0
-56.881	1
-60	0
-57.007	1
-60	0
-57.088	1
-60	0
-57.198	1
-60	0
-57.18	1
-60	0
-57.228	1
-59.966	0
-57.252	1
-59.996	0
-57.326	1
-59.987	0
-57.428	1
-59.813	0
-57.557	1
-59.611	0
-57.692	1
-59.539	0
-57.613	1
-59.471	0
-57.622	1
-59.488	0
-57.692	1
-59.4	0
-57.574	1
-59.248	0
-57.56	1
-58.985	0
-57.462	1
-58.802	0
-57.386	1
-58.742	0
-57.25	1
-58.753	0
-57.222	1
-58.818	0
-57.196	1
-58.758	0
-57.163	1
-58.698	0
-57.198	1
-58.636	0
-57.2	1
-58.583	0
-57.264	1
-58.527	0
-57.213	1
-58.47	0
-57.236	1
-58.485	0
-57.16	1
-58.394	0
-57.023	1
-58.314	0
-56.921	1
-58.166	0
-56.91	1
-58.124	0
-56.954	1
-58.071	0
-56.816	1
-57.939	0
-56.64	1
-57.76	0
-56.583	1
-57.553	0
-56.526	1
-57.258	0
-56.469	1
-57.055	0
-56.341	1
-56.989	0
-56.182	1
-56.866	0
-56.078	1
-56.773	0
-56	1
-56.768	0
-56.007	1
-56.674	0
-55.994	1
-56.526	0
-55.968	1
-56.416	0
-55.864	1
-56.399	0
-55.782	1
-56.449	0
-55.656	1
-56.248	0
-55.495	1
-56.121	0
-55.326	1
-56.029	0
-55.282	1
-55.958	0
-55.174	1
-55.9	0
-55.097	1
-55.918	0
-55.106	1
-55.911	0
-55.167	1
-55.899	0
-55.13	1
-55.877	0
-55.166	1
-55.918	0
-55.036	1
-55.996	0
-60	1
-56.105	0
-60	1
-56.086	0
-60	1
-55.928	0
-60	1
-55.752	0
-60	1
-55.575	0
-60	1
-55.53	0
-60	1
-55.493	0
-60	1
-55.53	0
-60	1
-55.412	0
-60	1
-55.264	0
-60	1
-55.167	0
-60	1
-60	0
-60	1
-60	0
-60	1
-60	0
-60	1
-60	0
-60	1
-60	0
-60	1
-60	0
-60	1
-60	0
-60	1
-60	0
-60	1
-60	0
-60	1
-60	0
-60.059	1
-60	0
-59.934	1
-60	0
-59.842	1
-60	0
-59.769	1
-60	0
-59.79	1
-60	0
-59.86	1
-60	0
-59.968	1
-60	0
-60.089	1
-60	0
-60.217	1
-60	0
-60.272	1
-60	0
-60.356	1
-60	0
-60.391	1
-59.866	0
-60.473	1
-59.777	0
-60.586	1
-59.718	0
-60.491	1
-59.538	0
-60.435	1
-59.358	0
-60.397	1
-59.171	0
-60.364	1
-58.989	0
-60.34	1
-58.803	0
-60.088	1
-58.76	0
-59.926	1
-58.8	0
-59.891	1
-58.742	0
-59.856	1
-58.771	0
-59.818	1
-58.775	0
-59.629	1
-58.838	0
-59.572	1
-58.786	0
-59.519	1
-58.812	0
-59.393	1
-58.81	0
-59.296	1
-58.725	0
-59.301	1
-58.522	0
-59.294	1
-58.48	0
-59.218	1
-58.229	0
-59.013	1
-58.164	0
-58.826	1
-58.123	0
-58.708	1
-58.095	0
-58.557	1
-58.155	0
-58.543	1
-58.26	0
-58.454	1
-58.389	0
-58.467	1
-58.384	0
-58.392	1
-58.381	0
-58.42	1
-58.444	0
-58.501	1
-58.397	0
-58.612	1
-58.358	0
-58.739	1
-58.321	0
-58.8	1
-58.284	0
-58.82	1
-58.247	0
-58.74	1
-58.135	0
-58.746	1
-58.123	0
-58.803	1
-57.962	0
-58.899	1
-57.851	0
-58.937	1
-57.696	0
-58.939	1
-57.587	0
-58.991	1
-57.432	0
-59.072	1
-57.394	0
-59.17	1
-57.435	0
-59.286	1
-57.516	0
-59.331	1
-57.546	0
-59.11	1
-57.546	0
-58.951	1
-57.599	0
-58.831	1
-57.681	0
-58.732	1
-57.791	0
-58.582	1
-57.765	0
-58.177	1
-57.729	0
-57.913	1
-57.758	0
-57.661	1
-57.752	0
-57.56	1
-57.798	0
-57.476	1
-57.801	0
-57.403	1
-57.715	0
-57.419	1
-57.725	0
-57.49	1
-57.784	0
-57.514	1
-57.799	0
-57.582	1
-57.786	0
-57.601	1
-57.828	0
-57.519	1
-57.902	0
-57.376	1
-58.005	0
-57.351	1
-57.899	0
-57.316	1
-57.741	0
-57.132	1
-57.695	0
-57.002	1
-57.717	0
-56.903	1
-57.788	0
-56.905	1
-57.808	0
-56.96	1
-57.87	0
-56.973	1
-57.956	0
-56.961	1
-57.993	0
-56.802	1
-58.075	0
-56.7	1
-58.104	0
-56.555	1
-58.1	0
-56.383	1
-58.076	0
-56.336	1
-58.037	0
-56.152	1
-57.929	0
-56.037	1
-57.843	0
-55.957	1
-57.77	0
-55.966	1
-57.704	0
-55.958	1
-57.736	0
-56.031	1
-57.739	0
-56.066	1
-57.795	0
-56.148	1
-57.893	0
-56.127	1
-57.935	0
-56.177	1
-57.881	0
-56.278	1
-57.905	0
-56.402	1
-57.975	0
-56.396	1
-58.072	0
-56.452	1
-58.11	0
-56.474	1
-58.185	0
-56.473	1
-58.291	0
-56.54	1
-58.345	0
-56.65	1
-58.359	0
-56.706	1
-58.348	0
-56.729	1
-58.248	0
-56.8	1
-58.022	0
-56.9	1
-57.939	0
-56.945	1
-57.939	0
-56.954	1
-57.917	0
-56.87	1
-57.953	0
-56.802	1
-58.023	0
-56.741	1
-57.895	0
-56.756	1
-57.792	0
-56.674	1
-57.776	0
-56.603	1
-57.741	0
-56.539	1
-57.764	0
-56.479	1
-57.751	0
-56.492	1
-57.725	0
-56.558	1
-57.756	0
-56.648	1
-57.759	0
-56.692	1
-57.594	0
-56.771	1
-57.471	0
-56.87	1
-57.457	0
-56.92	1
-57.356	0
-57.003	1
-57.203	0
-57.033	1
-57.162	0
-57.102	1
-57.115	0
-57.051	1
-57.075	0
-56.937	1
-57.043	0
-56.862	1
-57.101	0
-56.894	1
-56.982	0
-56.975	1
-56.901	0
-57.013	1
-56.769	0
-57.095	1
-56.536	0
-57.202	1
-56.314	0
-57.25	1
-56.239	0
-57.334	1
-56.04	0
-57.222	1
-55.908	0
-57.065	1
-55.885	0
-57.024	1
-55.856	0
-56.979	1
-55.824	0
-57.003	1
-55.858	0
-56.996	1
-55.873	0
-56.909	1
-55.867	0
-56.625	1
-55.779	0
-56.508	1
-55.792	0
-56.501	1
-55.857	0
-56.481	1
-55.953	0
-56.523	1
-55.925	0
-56.53	1
-55.892	0
-56.516	1
-55.856	0
-56.559	1
-55.747	0
-56.636	1
-55.664	0
-56.731	1
-55.597	0
-56.695	1
-55.608	0
-56.65	1
-55.526	0
-56.67	1
-55.399	0
-56.528	1
-55.25	0
-56.504	1
-55.15	0
-56.472	1
-55.146	0
-56.435	1
-55.074	0
-56.476	1
-60	0
-56.556	1
-60	0
-56.657	1
-60	0
-56.7	1
-60	0
-56.777	1
-60	0
-56.802	1
-60	0
-56.807	1
-60	0
-56.862	1
-60	0
-56.876	1
-60	0
-56.863	1
-60	0
-56.703	1
-60	0
-56.448	1
-60	0
-56.208	1
-60	0
-56.047	1
-60	0
-55.945	1
-60	0
-55.94	1
-60	0
-55.934	1
-60	0
-55.918	1
-60	0
-55.896	1
-60	0
-55.939	1
-60	0
-56.021	1
-60	0
-56.065	1
-59.924	0
-56.148	1
-59.716	0
-56.276	1
-59.567	0
-56.345	1
-59.527	0
-56.447	1
-59.551	0
-56.567	1
-59.4	0
-56.636	1
-59.285	0
-56.596	1
-59.044	0
-56.489	1
-58.875	0
-56.413	1
-58.843	0
-56.305	1
-58.731	0
-56.234	1
-58.645	0
-55.974	1
-58.647	0
-55.881	1
-58.71	0
-55.898	1
-58.729	0
-55.903	1
-58.656	0
-55.98	1
-58.669	0
-56.091	1
-58.73	0
-56.151	1
-58.673	0
-56.249	1
-58.617	0
-56.368	1
-58.415	0
-56.428	1
-58.199	0
-56.31	1
-58.12	0
-56.295	1
-57.977	0
-56.272	1
-57.94	0
-56.242	1
-57.905	0
-56.219	1
-57.935	0
-56.122	1
-58.014	0
-56.061	1
-58.052	0
-56.025	1
-58.058	0
-55.996	1
-58.115	0
-55.969	1
-58.129	0
-56.013	1
-57.971	0
-55.888	1
-57.639	0
-55.801	1
-57.275	0
-55.667	1
-56.896	0
-55.505	1
-56.509	0
-55.464	1
-56.329	0
-55.425	1
-56.204	0
-55.457	1
-55.969	0
-55.53	1
-55.892	0
-55.638	1
-55.83	0
-55.55	1
-55.778	0
-55.414	1
-55.661	0
-55.317	1
-55.643	0
-55.314	1
-55.627	0
-55.307	1
-55.534	0
-55.222	1
-55.475	0
-55.1	1
-55.429	0
-55.018	1
-55.401	0
-60	1
-55.445	0
-60	1
-55.461	0
-60	1
-55.39	0
-60	1
-55.405	0
-60	1
-55.505	0
-60	1
-55.494	0
-60	1
-55.413	0
-60	1
-55.442	0
-60	1
-55.318	0
-60	1
-55.252	0
-60	1
-55.213	0
-60	1
-55.257	0
-60	1
-55.212	0
-60	1
-55.192	0
-60	1
-55.179	0
-60	1
-55.168	0
-60	1
-55.158	0
-60	1
-55.215	0
-60	1
-55.312	0
-60	1
-55.373	0
-60	1
-55.405	0
-59.932	1
-55.485	0
-59.863	1
-55.595	0
-59.718	1
-55.72	0
-59.676	1
-55.864	0
-59.631	1
-55.952	0
-59.438	1
-56.068	0
-59.224	1
-56.128	0
-58.999	1
-56.106	0
-58.934	1
-56.17	0
-58.887	1
-56.277	0
-58.844	1
-56.196	0
-58.728	1
-56.213	0
-58.568	1
-56.217	0
-58.454	1
-56.222	0
-58.159	1
-56.29	0
-57.968	1
-56.394	0
-57.622	1
-56.377	0
-57.473	1
-56.357	0
-57.44	1
-56.274	0
-57.486	1
-56.216	0
-57.572	1
-56.243	0
-57.68	1
-56.177	0
-57.728	1
-56.197	0
-57.737	1
-56.267	0
-57.723	1
-56.365	0
-57.694	1
-56.409	0
-57.655	1
-56.489	0
-57.61	1
-56.59	0
-57.632	1
-56.702	0
-57.693	1
-56.82	0
-57.705	1
-56.941	0
-57.687	1
-56.919	0
-57.649	1
-56.882	0
-57.672	1
-56.907	0
-57.586	1
-56.897	0
-57.435	1
-56.969	0
-57.277	1
-57.069	0
-57.166	1
-57.041	0
-57.154	1
-57.007	0
-57.2	1
-57.039	0
-57.28	1
-56.968	0
-57.38	1
-56.905	0
-57.49	1
-56.847	0
-57.605	1
-56.791	0
-57.433	1
-56.736	0
-57.163	1
-56.703	0
-56.927	1
-56.597	0
-56.771	1
-56.447	0
-56.661	1
-56.342	0
-56.648	1
-56.192	0
-56.623	1
-56.167	0
-56.601	1
-56.138	0
-56.501	1
-56.036	0
-56.496	1
-56.031	0
-56.405	1
-56.093	0
-56.345	1
-55.918	0
-56.305	1
-55.804	0
-56.341	1
-55.807	0
-56.29	1
-55.732	0
-56.18	1
-55.69	0
-56.115	1
-55.729	0
-56.069	1
-55.676	0
-56.033	1
-55.718	0
-56.013	1
-55.819	0
-55.936	1
-55.946	0
-55.746	1
-55.947	0
-55.699	1
-55.941	0
-55.734	1
-55.93	0
-55.679	1
-55.914	0
-55.638	1
-55.894	0
-55.605	1
-55.871	0
-55.505	1
-55.927	0
-55.378	1
-55.95	0
-55.225	1
-56.024	0
-60	1
-56.056	0
-60	1
-55.991	0
-60	1
-56.008	0
-60	1
-56.074	0
-60	1
-56.026	0
-60	1
-55.981	0
-60	1
-55.738	0
-60	1
-55.51	0
-60	1
-55.371	0
-60	1
-55.21	0
-60	1
-55.103	0
-60	1
-60	0
-60	1
-60	0
-60	1
-60	0
-60	1
-60	0
-60	1
-60	0
-60	1
-60	0
-60	1
-60	0
-60	1
-60	0
-60	1
-60	0
-60	1
-60	0
-59.987	1
-60	0
-59.871	1
-60	0
-59.619	1
-60	0
-59.51	1
-60	0
-59.431	1
-60	0
-59.357	1
-60	0
-59.36	1
-60	0
-59.333	1
-60	0
-59.372	1
-60	0
-59.443	1
-60	0
-59.31	1
-60	0
-59.275	1
-59.756	0
-59.226	1
-59.579	0
-59.241	1
-59.44	0
-59.293	1
-59.41	0
-59.378	1
-59.362	0
-59.399	1
-59.229	0
-59.234	1
-59.12	0
-59.178	1
-59.024	0
-59.115	1
-58.872	0
-58.981	1
-58.827	0
-58.874	1
-58.772	0
-58.781	1
-58.785	0
-58.697	1
-58.846	0
-58.408	1
-58.709	0
-58.284	1
-58.611	0
-58.049	1
-58.611	0
-57.971	1
-58.6	0
-57.843	1
-58.502	0
-57.824	1
-58.496	0
-57.724	1
-58.472	0
-57.647	1
-58.436	0
-57.583	1
-58.392	0
-57.526	1
-58.353	0
-57.483	1
-58.163	0
-57.513	1
-58.028	0
-57.585	1
-57.782	0
-57.465	1
-57.686	0
-57.231	1
-57.679	0
-56.786	1
-57.652	0
-56.432	1
-57.685	0
-56.202	1
-57.753	0
-56.118	1
-57.841	0
-56.05	1
-57.867	0
-56.06	1
-57.711	0
-56.118	1
-57.663	0
-56.202	1
-57.628	0
-56.254	1
-57.658	0
-56.2	1
-57.727	0
-56.083	1
-57.745	0
-56.067	1
-57.815	0
-55.982	1
-57.835	0
-55.988	1
-57.898	0
-55.978	1
-57.984	0
-55.887	1
-57.887	0
-55.84	1
-57.894	0
-55.814	1
-57.738	0
-55.864	1
-57.701	0
-55.956	1
-57.662	0
-56.073	1
-57.621	0
-56.203	1
-57.649	0
-56.269	1
-57.657	0
-56.376	1
-57.717	0
-56.429	1
-57.806	0
-56.519	1
-57.84	0
-56.488	1
-57.921	0
-56.325	1
-58.035	0
-56.226	1
-58.013	0
-56.159	1
-58.054	0
-56.18	1
-58.06	0
-56.041	1
-58.116	0
-56.017	1
-58.21	0
-55.932	1
-58.331	0
-55.884	1
-58.386	0
-55.779	1
-58.399	0
-55.709	1
-58.387	0
-55.66	1
-58.431	0
-55.691	1
-58.362	0
-55.7	1
-58.152	0
-55.764	1
-58.013	0
-55.871	1
-57.91	0
-55.995	1
-57.766	0
-56.14	1
-57.673	0
-56.158	1
-57.614	0
-56.173	1
-57.495	0
-56.247	1
-57.483	0
-56.356	1
-57.319	0
-56.413	1
-57.135	0
-56.367	1
-57.082	0
-56.258	1
-57.106	0
-56.181	1
-57.104	0
-56.194	1
-56.943	0
-56.258	1
-56.9	0
-56.282	1
-56.855	0
-56.28	1
-56.82	0
-56.344	1
-56.641	0
-56.439	1
-56.588	0
-56.48	1
-56.48	0
-56.5	1
-56.401	0
-56.568	1
-56.221	0
-56.404	1
-56.036	0
-56.228	1
-55.849	0
-56.044	1
-55.729	0
-55.856	1
-55.649	0
-55.525	1
-55.603	0
-55.331	1
-55.58	0
-55.291	1
-55.564	0
-55.264	1
-55.41	0
-55.314	1
-55.382	0
-55.409	1
-55.37	0
-55.401	1
-55.429	0
-55.254	1
-55.459	0
-55.231	1
-55.551	0
-55.223	1
-55.602	0
-55.146	1
-55.696	0
-55.166	1
-55.745	0
-55.172	1
-55.765	0
-55.238	1
-55.789	0
-55.293	1
-55.87	0
-55.187	1
-55.913	0
-55.121	1
-56.001	0
-55.078	1
-56.138	0
-55.071	1
-56.147	0
-60	1
-56.148	0
-60	1
-56.003	0
-60	1
-55.92	0
-60	1
-55.867	0
-60	1
-55.831	0
-60	1
-55.884	0
-60	1
-55.982	0
-60	1
-56.036	0
-60	1
-56.13	0
-60	1
-56.26	0
-60	1
-56.401	0
-60	1
-56.406	0
-60	1
-56.47	0
-60	1
-56.567	0
-60	1
-56.683	0
-60	1
-56.819	0
-60	1
-56.899	0
-60	1
-56.936	0
-60	1
-56.947	0
-60	1
-57.011	0
-60	1
-57.045	0
-59.855	1
-57.125	0
-59.817	1
-57.158	0
-59.842	1
-57.235	0
-59.905	1
-57.275	0
-59.923	1
-57.356	0
-59.982	1
-57.461	0
-59.989	1
-57.506	0
-59.889	1
-57.526	0
-59.809	1
-57.593	0
-59.734	1
-57.544	0
-59.662	1
-57.568	0
-59.59	1
-57.635	0
-59.444	1
-57.654	0
-59.327	1
-57.571	0
-59.302	1
-57.582	0
-59.267	1
-57.508	0
-59.229	1
-57.386	0
-59.117	1
-57.31	0
-58.817	1
-57.254	0
-58.62	1
-57.208	0
-58.485	1
-57.097	0
-58.457	1
-57.017	0
-58.421	1
-57.026	0
-58.379	1
-56.955	0
-58.342	1
-56.972	0
-58.301	1
-57.039	0
-58.183	1
-56.993	0
-58.165	1
-56.878	0
-58.132	1
-56.793	0
-58.163	1
-56.653	0
-57.941	1
-56.482	0
-57.712	1
-56.432	0
-57.552	1
-56.384	0
-57.361	1
-56.407	0
-57.295	1
-56.4	0
-57.16	1
-56.447	0
-56.984	1
-56.312	0
-56.855	1
-56.21	0
-56.611	1
-56.127	0
-56.513	1
-56.125	0
-56.289	1
-56.172	0
-55.922	1
-56.117	0
-55.761	1
-56.006	0
-55.519	1
-55.993	0
-55.36	1
-55.969	0
-55.251	1
-56.006	0
-55.102	1
-56.081	0
-55.067	1
-55.976	0
-60	1
-55.909	0
-60	1
-55.927	0
-60	1
-55.923	0
-60	1
-55.976	0
-60	1
-56.004	0
-60	1
-56.078	0
-60	1
-56.037	0
-60	1
-55.939	0
-60	1
-55.869	0
-60	1
-55.885	0
-60	1
-55.741	0
-60	1
-55.675	0
-60	1
-55.703	0
-60	1
-55.785	0
-60	1
-55.898	0
-60	1
-55.9	0
-60	1
-55.895	0
-60	1
-55.816	0
-60	1
-55.692	0
-60	1
-55.54	0
-60	1
-55.51	0
-59.997	1
-55.424	0
-59.824	1
-55.229	0
-59.694	1
-55.105	0
-59.589	1
-55.093	0
-59.572	1
-55.077	0
-59.608	1
-55.151	0
-59.619	1
-55.123	0
-59.677	1
-55.184	0
-59.77	1
-55.161	0
-59.888	1
-55.218	0
-60.011	1
-55.251	0
-60.061	1
-55.338	0
-60.141	1
-55.329	0
-60.247	1
-55.322	0
-60.286	1
-55.177	0
-60.282	1
-55.098	0
-60.262	1
-55.051	0
-60.149	1
-55.09	0
-59.981	1
-55.041	0
-59.928	1
-55.077	0
-59.87	1
-55.092	0
-59.807	1
-60	0
-59.74	1
-60	0
-59.671	1
-60	0
-59.599	1
-60	0
-59.526	1
-60	0
-59.451	1
-60	0
-59.449	1
-60	0
-59.267	1
-60	0
-58.978	1
-60	0
-58.7	1
-60	0
-58.513	1
-60	0
-58.447	1
-60	0
-58.453	1
-60	0
-58.428	1
-60	0
-58.384	1
-60	0
-58.401	1
-60	0
-58.38	1
-60	0
-58.264	1
-60	0
-58.237	1
-60	0
-58.199	1
-60	0
-58.149	1
-60	0
-58.09	1
-59.821	0
-58.098	1
-59.752	0
-58.073	1
-59.673	0
-58.101	1
-59.514	0
-58.087	1
-59.306	0
-58.12	1
-59.219	0
-58.108	1
-59.204	0
-58.068	1
-59.232	0
-58.012	1
-59.211	0
-57.945	1
-58.938	0
-57.944	1
-58.81	0
-57.983	1
-58.78	0
-57.983	1
-58.728	0
-57.952	1
-58.736	0
-57.976	1
-58.706	0
-57.958	1
-58.737	0
-57.926	1
-58.797	0
-57.733	1
-58.873	0
-57.301	1
-58.885	0
-57.088	1
-58.858	0
-56.791	1
-58.88	0
-56.658	1
-58.868	0
-56.563	1
-58.755	0
-56.484	1
-58.728	0
-56.414	1
-58.679	0
-56.42	1
-58.69	0
-56.47	1
-58.736	0
-56.547	1
-58.73	0
-56.497	1
-58.764	0
-56.3	1
-58.749	0
-56.157	1
-58.557	0
-56.116	1
-58.334	0
-56.066	1
-58.238	0
-56.081	1
-58.218	0
-55.994	1
-58.244	0
-55.845	1
-58.235	0
-55.672	1
-58.196	0
-55.547	1
-58.141	0
-55.52	1
-58.085	0
-55.423	1
-58.032	0
-55.429	1
-57.829	0
-55.486	1
-57.61	0
-55.436	1
-57.309	0
-55.389	1
-57.032	0
-55.344	1
-56.924	0
-55.242	1
-56.767	0
-55.098	1
-56.652	0
-55.067	1
-56.633	0
-55.034	1
-56.67	0
-60	1
-56.751	0
-60	1
-56.567	0
-60	1
-56.296	0
-60	1
-56.055	0
-60	1
-55.965	0
-60	1
-55.697	0
-60	1
-55.595	0
-60	1
-55.453	0
-60	1
-55.285	0
-60	1
-55.172	0
-60	1
-55.161	0
-60	1
-55.151	0
-60	1
-55.135	0
-60	1
-55.045	0
-60	1
-60	0
-60	1
-60	0
-60	1
-60	0
-60	1
-60	0
-60	1
-60	0
-60	1
-60	0
-60	1
-60	0
-59.93	1
-60	0
-59.706	1
-60	0
-59.634	1
-60	0
-59.566	1
-60	0
-59.509	1
-60	0
-59.302	1
-60	0
-59.155	1
-60	0
-59.117	1
-60	0
-59.069	1
-60	0
-59.014	1
-60	0
-59.029	1
-60	0
-59.01	1
-60	0
-58.97	1
-60	0
-58.928	1
-60	0
-58.886	1
-60.047	0
-58.838	1
-60.13	0
-58.795	1
-60.228	0
-58.822	1
-60.333	0
-58.889	1
-60.441	0
-58.979	1
-60.473	0
-59.081	1
-60.545	0
-59.126	1
-60.481	0
-59.128	1
-60.486	0
-59.104	1
-60.381	0
-59.137	1
-60.361	0
-59.129	1
-60.239	0
-59.17	1
-60.056	0
-59.091	1
-59.923	0
-59.024	1
-59.737	0
-59.031	1
-59.605	0
-59.092	1
-59.423	0
-59.028	1
-59.316	0
-59.069	1
-59.235	0
-59.076	1
-59.093	0
-59.136	1
-58.988	0
-59.226	1
-58.905	0
-59.333	1
-58.761	0
-59.448	1
-58.736	0
-59.576	1
-58.629	0
-59.63	1
-58.399	0
-59.713	1
-58.168	0
-59.811	1
-57.938	0
-59.842	1
-57.708	0
-59.757	1
-57.479	0
-59.677	1
-57.322	0
-59.599	1
-57.28	0
-59.522	1
-57.233	0
-59.519	1
-57.256	0
-59.411	1
-57.258	0
-59.176	1
-57.311	0
-59.008	1
-57.322	0
-58.952	1
-57.379	0
-58.89	1
-57.391	0
-58.897	1
-57.374	0
-58.945	1
-57.422	0
-58.805	1
-57.513	0
-58.704	1
-57.548	0
-58.619	1
-57.559	0
-58.553	1
-57.477	0
-58.565	1
-57.266	0
-58.549	1
-57.132	0
-58.525	1
-57.037	0
-58.489	1
-56.965	0
-58.519	1
-56.561	0
-58.597	1
-56.249	0
-58.706	1
-56.056	0
-58.678	1
-55.944	0
-58.652	1
-55.942	0
-58.618	1
-55.865	0
-58.505	1
-55.672	0
-58.492	1
-55.618	0
-58.462	1
-55.59	0
-58.434	1
-55.567	0
-58.47	1
-55.616	0
-58.545	1
-55.567	0
-58.642	1
-55.46	0
-58.676	1
-55.467	0
-58.756	1
-55.394	0
-58.855	1
-55.274	0
-58.891	1
-55.137	0
-58.897	1
-55.061	0
-58.889	1
-55.026	0
-58.947	1
-55.075	0
-58.965	1
-55.172	0
-58.808	1
-55.297	0
-58.768	1
-55.437	0
-58.796	1
-55.457	0
-58.728	1
-55.534	0
-58.741	1
-55.645	0
-58.802	1
-55.715	0
-58.826	1
-55.822	0
-58.894	1
-55.949	0
-58.914	1
-56.028	0
-58.987	1
-55.999	0
-58.936	1
-55.974	0
-58.958	1
-56.021	0
-59.023	1
-55.969	0
-59.111	1
-55.937	0
-59.222	1
-55.911	0
-59.192	1
-55.885	0
-59.223	1
-55.93	0
-59.141	1
-56.015	0
-59.066	1
-56.124	0
-58.921	1
-56.244	0
-58.88	1
-56.372	0
-58.901	1
-56.43	0
-58.812	1
-56.518	0
-58.729	1
-56.551	0
-58.576	1
-56.55	0
-58.455	1
-56.457	0
-58.426	1
-56.45	0
-58.305	1
-56.446	0
-58.15	1
-56.498	0
-57.962	1
-56.443	0
-57.826	1
-56.403	0
-57.587	1
-56.366	0
-57.425	1
-56.258	0
-57.38	1
-56.189	0
-57.2	1
-56.065	0
-57.147	1
-55.85	0
-57.18	1
-55.782	0
-57.041	1
-55.731	0
-57.014	1
-55.691	0
-57.053	1
-55.724	0
-57.13	1
-55.802	0
-57.229	1
-55.904	0
-57.267	1
-55.95	0
-57.198	1
-56.032	0
-57.134	1
-56.063	0
-57.144	1
-56.063	0
-57.056	1
-56.044	0
-57.051	1
-56.083	0
-56.739	1
-56.155	0
-56.528	1
-56.107	0
-56.45	1
-56.056	0
-56.309	1
-55.933	0
-56.271	1
-55.836	0
-56.224	1
-55.756	0
-56.172	1
-55.685	0
-56.116	1
-55.689	0
-56.128	1
-55.529	0
-56.11	1
-55.352	0
-55.945	1
-55.296	0
-55.894	1
-55.255	0
-55.923	1
-55.145	0
-55.992	1
-55.133	0
-56.084	1
-55.108	0
-56.189	1
-60	0
-56.23	1
-60	0
-56.302	1
-60	0
-56.393	1
-60	0
-56.353	1
-60	0
-56.163	1
-60	0
-56.106	1
-60	0
-56.051	1
-60	0
-55.997	1
-60	0
-55.943	1
-60	0
-55.888	1
-60	0
-55.915	1
-60	0
-55.981	1
-60	0
-56.072	1
-60	0
-56.035	1
-60	0
-55.921	1
-60	0
-55.703	1
-60	0
-55.624	1
-60	0
-55.56	1
-60	0
-55.572	1
-60	0
-55.63	1
-60	0
-55.727	1
-59.709	0
-55.768	1
-59.276	0
-55.705	1
-58.985	0
-55.718	1
-58.703	0
-55.499	1
-58.356	0
-55.349	1
-58.117	0
-55.309	1
-58.016	0
-55.266	1
-57.924	0
-55.083	1
-57.765	0
-60	1
-57.638	0
-60	1
-57.614	0
-60	1
-57.572	0
-60	1
-57.519	0
-60	1
-57.458	0
-60	1
-57.321	0
-60	1
-57.15	0
-60	1
-57.094	0
-60	1
-57.035	0
-60	1
-56.975	0
-60	1
-56.912	0
-60	1
-56.849	0
-60	1
-56.785	0
-60	1
-56.741	0
-60	1
-56.696	0
-60	1
-56.507	0
-60	1
-56.445	0
-60	1
-56.458	0
-60	1
-56.444	0
-60	1
-56.485	0
-60	1
-56.416	0
-60.006	1
-56.211	0
-59.822	1
-56.135	0
-59.523	1
-56.067	0
-59.233	1
-56.073	0
-59.097	1
-56.135	0
-58.989	1
-56.232	0
-58.902	1
-56.273	0
-58.893	1
-56.36	0
-58.794	1
-56.397	0
-58.781	1
-56.472	0
-58.819	1
-56.58	0
-58.897	1
-56.7	0
-58.99	1
-56.755	0
-58.945	1
-56.78	0
-58.973	1
-56.708	0
-58.964	1
-56.719	0
-58.932	1
-56.791	0
-58.895	1
-56.758	0
-58.859	1
-56.798	0
-58.741	1
-56.879	0
-58.722	1
-56.913	0
-58.76	1
-56.988	0
-58.758	1
-57.016	0
-58.658	1
-57.096	0
-58.655	1
-57.139	0
-58.714	1
-57.222	0
-58.728	1
-57.185	0
-58.64	1
-57.218	0
-58.565	1
-57.292	0
-58.496	1
-57.329	0
-58.368	1
-57.262	0
-58.27	1
-57.074	0
-58.273	1
-56.969	0
-58.276	1
-56.9	0
-58.265	1
-56.85	0
-58.243	1
-56.812	0
-58.215	1
-56.85	0
-57.89	1
-56.882	0
-57.774	1
-56.907	0
-57.632	1
-56.919	0
-57.469	1
-56.85	0
-57.435	1
-56.813	0
-57.488	1
-56.869	0
-57.595	1
-56.971	0
-57.654	1
-57.029	0
-57.753	1
-57.057	0
-57.731	1
-57.148	0
-57.645	1
-57.269	0
-57.585	1
-57.405	0
-57.612	1
-57.486	0
-57.699	1
-57.599	0
-57.742	1
-57.584	0
-57.829	1
-57.563	0
-57.868	1
-57.538	0
-57.949	1
-57.58	0
-57.982	1
-57.662	0
-58.056	1
-57.767	0
-58.009	1
-57.522	0
-58.034	1
-57.295	0
-58.111	1
-57.156	0
-58.148	1
-57.061	0
-58.227	1
-57.063	0
-58.183	1
-56.99	0
-58.076	1
-57.006	0
-57.923	1
-56.861	0
-57.742	1
-56.833	0
-57.69	1
-56.873	0
-57.568	1
-56.74	0
-57.549	1
-56.645	0
-57.518	1
-56.642	0
-57.407	1
-56.482	0
-57.249	1
-56.298	0
-57.205	1
-56.101	0
-57.157	1
-55.976	0
-57.188	1
-55.888	0
-57.045	1
-55.821	0
-57.011	1
-55.766	0
-56.97	1
-55.787	0
-56.996	1
-55.853	0
-56.919	1
-55.945	0
-56.921	1
-55.993	0
-56.982	1
-56.076	0
-57.07	1
-56.109	0
-57.172	1
-56.11	0
-57.211	1
-56.163	0
-57.211	1
-56.175	0
-57.044	1
-56.032	0
-56.93	1
-56	0
-56.912	1
-56.045	0
-56.963	1
-56.057	0
-57.045	1
-56.131	0
-57.086	1
-56.162	0
-57.165	1
-56.096	0
-57.122	1
-56.042	0
-57.148	1
-55.936	0
-57.155	1
-55.79	0
-57.141	1
-55.691	0
-57.186	1
-55.549	0
-57.265	1
-55.543	0
-57.384	1
-55.603	0
-57.513	1
-55.701	0
-57.574	1
-55.68	0
-57.665	1
-55.588	0
-57.772	1
-55.592	0
-57.67	1
-55.593	0
-57.671	1
-55.585	0
-57.725	1
-55.57	0
-57.737	1
-55.63	0
-57.734	1
-55.67	0
-57.797	1
-55.687	0
-57.89	1
-55.69	0
-57.929	1
-55.614	0
-57.861	1
-55.559	0
-57.8	1
-55.308	0
-57.816	1
-55.148	0
-57.876	1
-55.042	0
-57.962	1
-55.036	0
-57.917	1
-60	0
-57.948	1
-60	0
-58.017	1
-60	0
-57.963	1
-60	0
-57.979	1
-60	0
-58.037	1
-60	0
-58.046	1
-60	0
-57.952	1
-60	0
-57.941	1
-60	0
-57.907	1
-60	0
-57.879	1
-60	0
-57.914	1
-60	0
-57.706	1
-60	0
-57.634	1
-60	0
-57.644	1
-60	0
-57.702	1
-60	0
-57.643	1
-60	0
-57.441	1
-60	0
-57.37	1
-60	0
-57.304	1
-60	0
-57.241	1
-60	0
-57.18	1
-59.886	0
-56.976	1
-59.706	0
-56.83	1
-59.562	0
-56.79	1
-59.513	0
-56.67	1
-59.373	0
-56.503	1
-59.179	0
-56.308	1
-59.11	0
-56.248	1
-59.035	0
-56.192	1
-58.884	0
-56.208	1
-58.843	0
-56.207	1
-58.789	0
-56.187	1
-58.736	0
-56.168	1
-58.457	0
-56.211	1
-58.117	0
-56.219	1
-57.898	0
-56.147	1
-57.817	0
-56.16	1
-57.746	0
-56.082	1
-57.607	0
-56.089	1
-57.428	0
-56.076	1
-57.37	0
-56.051	1
-57.321	0
-56.028	1
-57.27	0
-55.999	1
-57.147	0
-56.036	1
-57.122	0
-56.112	1
-57.096	0
-56.15	1
-57.132	0
-56.157	1
-57.155	0
-56.168	1
-57.226	0
-56.236	1
-57.335	0
-56.206	1
-57.388	0
-56.18	1
-57.476	0
-56.226	1
-57.584	0
-56.242	1
-57.487	0
-56.17	1
-57.41	0
-56.044	1
-57.13	0
-55.955	1
-56.943	0
-55.888	1
-56.895	0
-55.915	1
-56.92	0
-55.919	1
-56.99	0
-55.909	1
-57.096	0
-55.831	1
-57.225	0
-55.785	1
-57.371	0
-55.832	1
-57.529	0
-55.727	1
-57.398	0
-55.731	1
-57.308	0
-55.731	1
-57.313	0
-55.796	1
-57.375	0
-55.828	1
-57.479	0
-55.781	1
-57.528	0
-55.748	1
-57.554	0
-55.664	1
-57.629	0
-55.68	1
-57.732	0
-55.755	1
-57.851	0
-55.654	1
-57.905	0
-55.587	1
-57.929	0
-55.48	1
-57.926	0
-55.412	1
-57.98	0
-55.227	1
-57.848	0
-55.179	1
-57.678	0
-55.006	1
-57.484	0
-60	1
-57.42	0
-60	1
-57.444	0
-60	1
-57.44	0
-60	1
-57.419	0
-60	1
-57.387	0
-60	1
-57.275	0
-60	1
-57.27	0
-60	1
-57.116	0
-60	1
-57.01	0
-60	1
-56.942	0
-60	1
-56.889	0
-60	1
-56.926	0
-60	1
-56.866	0
-60	1
-56.818	0
-60	1
-56.859	0
-60	1
-56.873	0
-60	1
-56.88	0
-60	1
-56.876	0
-60	1
-56.862	0
-60	1
-56.914	0
-60	1
-56.86	0
-59.727	1
-56.743	0
-59.611	1
-56.668	0
-59.523	1
-56.612	0
-59.445	1
-56.566	0
-59.373	1
-56.488	0
-59.333	1
-56.519	0
-59.302	1
-56.608	0
-59.12	1
-56.659	0
-59.07	1
-56.684	0
-59.097	1
-56.693	0
-59.095	1
-56.62	0
-59.075	1
-56.507	0
-59.125	1
-56.363	0
-59.137	1
-56.341	0
-59.198	1
-56.32	0
-59.287	1
-56.298	0
-59.317	1
-56.345	0
-59.385	1
-56.432	0
-59.474	1
-56.401	0
-59.575	1
-56.368	0
-59.532	1
-56.262	0
-59.477	1
-56.113	0
-59.191	1
-56.008	0
-58.991	1
-55.999	0
-58.915	1
-55.907	0
-58.84	1
-55.857	0
-58.785	1
-55.747	0
-58.654	1
-55.67	0
-58.552	1
-55.705	0
-58.341	1
-55.605	0
-58.29	1
-55.489	0
-58.187	1
-55.494	0
-58.043	1
-55.523	0
-57.969	1
-55.481	0
-57.848	1
-55.532	0
-57.844	1
-55.638	0
-57.69	1
-55.657	0
-57.684	1
-55.747	0
-57.679	1
-55.599	0
-57.745	1
-55.446	0
-57.634	1
-55.429	0
-57.561	1
-55.421	0
-57.438	1
-55.487	0
-56.997	1
-55.525	0
-56.798	1
-55.615	0
-56.6	1
-55.595	0
-56.543	1
-55.589	0
-56.509	1
-55.652	0
-56.341	1
-55.755	0
-56.303	1
-55.751	0
-56.071	1
-55.815	0
-55.997	1
-55.778	0
-55.947	1
-55.842	0
-55.861	1
-55.879	0
-55.74	1
-55.981	0
-55.608	1
-56.041	0
-55.531	1
-56.005	0
-55.346	1
-56.05	0
-55.235	1
-56.141	0
-55.168	1
-56.26	0
-55.056	1
-56.322	0
-60	1
-56.218	0
-60	1
-56.231	0
-60	1
-56.023	0
-60	1
-55.893	0
-60	1
-55.74	0
-60	1
-55.711	0
-60	1
-55.755	0
-60	1
-55.843	0
-60	1
-55.884	0
-60	1
-55.897	0
-60	1
-55.822	0
-60	1
-55.763	0
-60	1
-55.794	0
-60	1
-55.732	0
-60	1
-55.682	0
-60	1
-55.65	0
-60	1
-55.563	0
-60	1
-55.586	0
-60	1
-55.664	0
-60	1
-55.775	0
-60	1
-55.834	0
-59.9	1
-55.931	0
-59.812	1
-56.048	0
-59.581	1
-56.106	0
-59.34	1
-56.197	0
-59.241	1
-56.248	0
-59.163	1
-56.277	0
-59.175	1
-56.355	0
-58.937	1
-56.331	0
-58.854	1
-56.309	0
-58.858	1
-56.356	0
-58.839	1
-56.443	0
-58.731	1
-56.554	0
-58.643	1
-56.535	0
-58.566	1
-56.579	0
-58.349	1
-56.589	0
-58.122	1
-56.578	0
-57.962	1
-56.411	0
-57.841	1
-56.152	0
-57.672	1
-55.909	0
-57.546	1
-55.757	0
-57.456	1
-55.722	0
-57.309	1
-55.698	0
-57.281	1
-55.741	0
-57.246	1
-55.476	0
-57.205	1
-55.386	0
-57.1	1
-55.392	0
-57.019	1
-55.385	0
-57.025	1
-55.439	0
-57.081	1
-55.402	0
-57.177	1
-55.439	0
-57.146	1
-55.52	0
-56.966	1
-55.627	0
-56.911	1
-55.747	0
-56.931	1
-55.805	0
-56.851	1
-55.754	0
-56.57	1
-55.706	0
-56.381	1
-55.731	0
-56.038	1
-55.727	0
-55.814	1
-55.637	0
-55.521	1
-55.494	0
-55.328	1
-55.39	0
-55.263	1
-55.308	0
-55.206	1
-55.309	0
-55.222	1
-55.371	0
-55.292	1
-55.391	0
-55.388	1
-55.408	0
-55.52	1
-55.27	0
-55.588	1
-55.245	0
-55.617	1
-55.219	0
-55.621	1
-55.26	0
-55.679	1
-55.34	0
-55.698	1
-55.397	0
-55.716	1
-55.353	0
-55.718	1
-55.399	0
-55.65	1
-55.352	0
-55.532	1
-55.397	0
-55.535	1
-55.489	0
-55.531	1
-55.329	0
-55.523	1
-55.227	0
-55.51	1
-55.159	0
-55.355	1
-55.041	0
-55.322	1
-55.03	0
-55.223	1
-60	0
-55.222	1
-60	0
-55.279	1
-60	0
-55.37	1
-60	0
-55.48	1
-60	0
-55.6	1
-60	0
-55.516	1
-60	0
-55.38	1
-60	0
-55.35	1
-60	0
-55.107	1
-60	0
-60	1
-60	0
-60	1
-60	0
-60	1
-60	0
-60	1
-60	0
-60	1
-60	0
-60	1
-60	0
-60	1
-60	0
-60	1
-60	0
-60	1
-60	0
-60	1
-60	0
-60	1
-60	0
-60	1
-59.848	0
-60	1
-59.81	0
-60	1
-59.629	0
-60	1
-59.424	0
-60	1
-59.131	0
-60	1
-59.007	0
-60	1
-58.931	0
-60	1
-58.879	0
-60	1
-58.917	0
-60	1
-58.928	0
-60.051	1
-58.773	0
-60.138	1
-58.456	0
-60.102	1
-58.329	0
-60.062	1
-58.252	0
-60.101	1
-58.123	0
-60.106	1
-58.036	0
-60.164	1
-58.044	0
-60.026	1
-58.109	0
-59.996	1
-58.206	0
-59.954	1
-58.331	0
-59.988	1
-58.391	0
-60.061	1
-58.338	0
-60.08	1
-58.142	0
-59.766	1
-58.008	0
-59.628	1
-57.837	0
-59.519	1
-57.799	0
-59.363	1
-57.832	0
-59.246	1
-57.907	0
-59.226	1
-57.934	0
-59.264	1
-57.857	0
-59.334	1
-57.791	0
-59.275	1
-57.802	0
-59.211	1
-57.859	0
-59.144	1
-57.942	0
-59.075	1
-58.05	0
-59.014	1
-58.166	0
-58.729	1
-58.211	0
-58.607	1
-58.287	0
-58.58	1
-58.379	0
-58.536	1
-58.334	0
-58.555	1
-58.279	0
-58.538	1
-58.072	0
-58.571	1
-57.848	0
-58.635	1
-57.758	0
-58.641	1
-57.759	0
-58.55	1
-57.746	0
-58.478	1
-57.726	0
-58.346	1
-57.551	0
-58.245	1
-57.509	0
-58.1	1
-57.324	0
-57.921	1
-57.125	0
-57.795	1
-56.929	0
-57.782	1
-56.809	0
-57.767	1
-56.798	0
-57.744	1
-56.71	0
-57.786	1
-56.655	0
-57.733	1
-56.684	0
-57.686	1
-56.773	0
-57.726	1
-56.746	0
-57.808	1
-56.792	0
-57.843	1
-56.878	0
-57.775	1
-56.989	0
-57.717	1
-57.112	0
-57.52	1
-56.966	0
-57.251	1
-56.937	0
-57.148	1
-56.905	0
-57	1
-56.8	0
-56.895	1
-56.793	0
-56.817	1
-56.782	0
-56.764	1
-56.692	0
-56.719	1
-56.694	0
-56.606	1
-56.679	0
-56.595	1
-56.654	0
-56.571	1
-56.551	0
-56.541	1
-56.401	0
-56.504	1
-56.364	0
-56.323	1
-56.322	0
-56.196	1
-56.138	0
-56.171	1
-55.879	0
-56.219	1
-55.651	0
-56.242	1
-55.574	0
-56.313	1
-55.586	0
-56.411	1
-55.51	0
-56.383	1
-55.533	0
-56.36	1
-55.478	0
-56.273	1
-55.369	0
-56.21	1
-55.307	0
-56.242	1
-55.128	0
-56.182	1
-60	0
-56.077	1
-60	0
-55.878	1
-60	0
-55.756	1
-60	0
-55.749	1
-60	0
-55.739	1
-60	0
-55.656	1
-60	0
-55.541	1
-60	0
-55.329	1
-60	0
-55.209	1
-60	0
-55.205	1
-60	0
-55.2	1
-60	0
-55.262	1
-60	0
-55.293	1
-60	0
-55.374	1
-60	0
-55.413	1
-60	0
-55.497	1
-60	0
-55.547	1
-60	0
-55.58	1
-60	0
-55.524	1
-60	0
-55.553	1
-60	0
-55.562	1
-59.967	0
-55.419	1
-59.842	0
-55.393	1
-59.81	0
-55.297	1
-59.535	0
-55.228	1
-59.414	0
-55.037	1
-59.31	0
-60	1
-58.92	0
-60	1
-58.729	0
-60	1
-58.438	0
-60	1
-58.307	0
-60	1
-58.271	0
-60	1
-58.219	0
-60	1
-58.156	0
-60	1
-58.16	0
-60	1
-58.204	0
-60	1
-58.063	0
-60	1
-58.032	0
-60	1
-57.988	0
-60	1
-57.946	0
-60	1
-57.898	0
-60	1
-57.845	0
-60	1
-57.717	0
-60	1
-57.626	0
-60	1
-57.55	0
-60	1
-57.494	0
-60	1
-57.441	0
-60	1
-57.318	0
-60.008	1
-57.224	0
-59.905	1
-57.219	0
-59.736	1
-57.195	0
-59.677	1
-57.23	0
-59.609	1
-57.228	0
-59.46	1
-57.203	0
-59.411	1
-57.236	0
-59.423	1
-57.302	0
-59.395	1
-57.326	0
-59.353	1
-57.411	0
-59.242	1
-57.517	0
-59.15	1
-57.634	0
-59.069	1
-57.757	0
-59.067	1
-57.903	0
-59.059	1
-57.975	0
-59.033	1
-58.094	0
-59.015	1
-58.226	0
-59.062	1
-58.229	0
-59.082	1
-58.074	0
-59.152	1
-58.051	0
-59.26	1
-57.955	0
-59.16	1
-57.959	0
-59.009	1
-57.659	0
-58.754	1
-57.539	0
-58.657	1
-57.526	0
-58.58	1
-57.504	0
-58.588	1
-57.475	0
-58.645	1
-57.44	0
-58.657	1
-57.402	0
-58.714	1
-57.433	0
-58.651	1
-57.503	0
-58.514	1
-57.596	0
-58.407	1
-57.702	0
-58.316	1
-57.742	0
-58.163	1
-57.67	0
-57.972	1
-57.673	0
-57.831	1
-57.722	0
-57.793	1
-57.724	0
-57.743	1
-57.781	0
-57.768	1
-57.863	0
-57.759	1
-57.959	0
-57.728	1
-57.917	0
-57.684	1
-57.72	0
-57.631	1
-57.575	0
-57.428	1
-57.533	0
-57.209	1
-57.48	0
-57.123	1
-57.492	0
-57.116	1
-57.471	0
-57.156	1
-57.213	0
-57.225	1
-56.971	0
-57.248	1
-56.73	0
-57.308	1
-56.633	0
-57.39	1
-56.562	0
-57.423	1
-56.499	0
-57.49	1
-56.441	0
-57.505	1
-56.384	0
-57.561	1
-56.328	0
-57.495	1
-56.284	0
-57.439	1
-56.25	0
-57.464	1
-56.154	0
-57.541	1
-56.155	0
-57.568	1
-56.213	0
-57.493	1
-56.233	0
-57.355	1
-56.311	0
-57.263	1
-56.367	0
-57.212	1
-56.394	0
-57.171	1
-56.413	0
-57.216	1
-56.489	0
-57.305	1
-56.598	0
-57.347	1
-56.654	0
-57.431	1
-56.676	0
-57.395	1
-56.677	0
-57.358	1
-56.735	0
-57.319	1
-56.755	0
-57.278	1
-56.822	0
-57.091	1
-56.856	0
-56.972	1
-56.873	0
-56.968	1
-56.728	0
-56.882	1
-56.559	0
-56.817	1
-56.444	0
-56.835	1
-56.292	0
-56.759	1
-56.186	0
-56.698	1
-56.039	0
-56.644	1
-55.936	0
-56.666	1
-55.859	0
-56.589	1
-55.658	0
-56.524	1
-55.383	0
-56.536	1
-55.272	0
-56.453	1
-55.26	0
-56.452	1
-55.236	0
-56.36	1
-55.297	0
-56.235	1
-55.393	0
-56.076	1
-55.462	0
-56.058	1
-55.51	0
-56.052	1
-55.607	0
-55.973	1
-55.741	0
-56.001	1
-55.75	0
-56.014	1
-55.751	0
-56.087	1
-55.758	0
-55.995	1
-55.69	0
-55.866	1
-55.715	0
-55.785	1
-55.794	0
-55.73	1
-55.835	0
-55.621	1
-55.781	0
-55.618	1
-55.739	0
-55.677	1
-55.634	0
-55.773	1
-55.561	0
-55.818	1
-55.528	0
-55.855	1
-55.503	0
-55.871	1
-55.552	0
-55.873	1
-55.575	0
-55.796	1
-55.649	0
-55.81	1
-55.683	0
-55.807	1
-55.693	0
-55.654	1
-55.756	0
-55.551	1
-55.721	0
-55.418	1
-55.69	0
-55.26	1
-55.66	0
-55.157	1
-55.56	0
-55.016	1
-55.488	0
-60	1
-55.5	0
-60	1
-55.355	0
-60	1
-55.184	0
-60	1
-55.136	0
-60	1
-55.115	0
-60	1
-55.164	0
-60	1
-55.253	0
-60	1
-55.365	0
-60	1
-55.42	0
-60	1
-55.44	0
-60	1
-55.438	0
-60	1
-55.352	0
-60	1
-55.216	0
-60	1
-55.188	0
-60	1
-55.224	0
-60	1
-55.16	0
-60	1
-55.173	0
-60	1
-55.162	0
-60	1
-55.218	0
-60	1
-55.029	0
-60	1
-60	0
-60.036	1
-60	0
-60.02	1
-60	0
-59.973	1
-60	0
-59.905	1
-60	0
-59.901	1
-60	0
-59.784	1
-60	0
-59.75	1
-60	0
-59.69	1
-60	0
-59.539	1
-60	0
-59.494	1
-60	0
-59.44	1
-60	0
-59.45	1
-60	0
-59.496	1
-60	0
-59.573	1
-60	0
-59.588	1
-60	0
-59.563	1
-60	0
-59.59	1
-60	0
-59.581	1
-60	0
-59.405	1
-60	0
-59.272	1
-60	0
-59.238	1
-59.912	0
-59.262	1
-59.826	0
-59.321	1
-59.742	0
-59.325	1
-59.732	0
-59.37	1
-59.776	0
-59.448	1
-59.846	0
-59.54	1
-59.939	0
-59.573	1
-59.965	0
-59.638	1
-60.023	0
-59.498	1
-60.101	0
-59.235	1
-60.189	0
-59.121	1
-60.206	0
-59.097	1
-60.115	0
-59.135	1
-60.037	0
-59.14	1
-59.886	0
-59.191	1
-59.765	0
-59.046	1
-59.736	0
-58.933	1
-59.539	0
-58.616	1
-59.473	0
-58.41	1
-59.48	0
-58.118	1
-59.53	0
-57.848	1
-59.455	0
-57.736	1
-59.453	0
-57.718	1
-59.431	0
-57.694	1
-59.463	0
-57.731	1
-59.536	0
-57.742	1
-59.553	0
-57.729	1
-59.609	0
-57.773	1
-59.464	0
-57.778	1
-59.366	0
-57.78	1
-59.359	0
-57.837	1
-59.34	0
-57.72	1
-59.306	0
-57.636	1
-59.273	0
-57.653	1
-59.306	0
-57.65	1
-59.23	0
-57.634	1
-59.161	0
-57.682	1
-58.949	0
-57.621	1
-58.882	0
-57.578	1
-58.904	0
-57.62	1
-58.972	0
-57.704	1
-59.077	0
-57.824	1
-59.121	0
-57.883	1
-59.063	0
-57.77	1
-59.085	0
-57.763	1
-59.163	0
-57.757	1
-59.128	0
-57.754	1
-58.945	0
-57.816	1
-58.83	0
-57.926	1
-58.822	0
-57.983	1
-58.729	0
-58.007	1
-58.658	0
-58.083	1
-58.672	0
-58.187	1
-58.516	0
-58.233	1
-58.341	0
-58.328	1
-58.232	0
-58.379	1
-58.009	0
-58.47	1
-57.791	0
-58.509	1
-57.503	0
-58.516	1
-57.39	0
-58.356	1
-57.237	0
-58.242	1
-57.059	0
-58.227	1
-56.878	0
-58.209	1
-56.759	0
-58.107	1
-56.676	0
-58.028	1
-56.684	0
-57.962	1
-56.746	0
-57.975	1
-56.839	0
-58.034	1
-56.889	0
-58.131	1
-56.976	0
-58.169	1
-57.012	0
-58.243	1
-57.017	0
-58.265	1
-57.002	0
-58.182	1
-56.985	0
-58.191	1
-56.888	0
-58.03	1
-56.813	0
-57.911	1
-56.68	0
-57.602	1
-56.654	0
-57.395	1
-56.549	0
-57.25	1
-56.397	0
-57.141	1
-56.287	0
-57.053	1
-56.062	0
-56.979	1
-55.919	0
-56.85	1
-55.749	0
-56.612	1
-55.573	0
-56.391	1
-55.48	0
-56.266	1
-55.35	0
-56.254	1
-55.199	0
-56.167	1
-55.034	0
-56.105	1
-60	0
-56.069	1
-60	0
-56.109	1
-60	0
-56.054	1
-60	0
-55.94	1
-60	0
-55.861	1
-60	0
-55.872	1
-60	0
-55.936	1
-60	0
-55.96	1
-60	0
-55.82	1
-60	0
-55.731	1
-60	0
-55.667	1
-60	0
-55.615	1
-60	0
-55.652	1
-60	0
-55.664	1
-60	0
-55.601	1
-60	0
-55.486	1
-60	0
-55.477	1
-60	0
-55.473	1
-60	0
-55.544	1
-60	0
-55.652	1
-60	0
-55.78	1
-59.822	0
-55.918	1
-59.762	0
-56.061	1
-59.697	0
-56.134	1
-59.628	0
-56.236	1
-59.556	0
-56.281	1
-59.334	0
-56.363	1
-59.244	0
-56.466	1
-59.17	0
-56.52	1
-59.023	0
-56.536	1
-58.907	0
-56.459	1
-58.893	0
-56.335	1
-58.943	0
-56.258	1
-59.023	0
-56.202	1
-59.12	0
-56.226	1
-59.226	0
-56.299	1
-59.337	0
-56.257	1
-59.448	0
-56.007	1
-59.495	0
-55.923	1
-59.43	0
-55.733	1
-59.366	0
-55.542	1
-59.386	0
-55.362	1
-59.385	0
-55.193	1
-59.362	0
-55.159	1
-59.326	0
-55.137	1
-59.207	0
-55.189	1
-59.132	0
-55.238	1
-58.995	0
-55.2	1
-58.905	0
-55.258	1
-58.835	0
-55.226	1
-58.787	0
-55.219	1
-58.67	0
-55.218	1
-58.658	0
-55.15	1
-58.634	0
-55.11	1
-58.675	0
-60	1
-58.606	0
-60	1
-58.545	0
-60	1
-58.488	0
-60	1
-58.504	0
-60	1
-58.564	0
-60	1
-58.503	0
-60	1
-58.451	0
-60	1
-58.472	0
-60	1
-58.325	0
-60	1
-58.3	0
-60	1
-58.351	0
-60	1
-58.367	0
-60	1
-58.443	0
-60	1
-58.474	0
-60	1
-58.559	0
-60	1
-58.669	0
-60	1
-58.803	0
-60	1
-58.868	0
-60	1
-58.89	0
-60	1
-58.812	0
-60	1
-58.82	0
-59.885	1
-58.878	0
-59.791	1
-58.891	0
-59.783	1
-58.949	0
-59.826	1
-58.96	0
-59.823	1
-59.025	0
-59.877	1
-59.051	0
-59.817	1
-59.12	0
-59.832	1
-59.139	0
-59.74	1
-59.2	0
-59.733	1
-59.148	0
-59.786	1
-59.169	0
-59.867	1
-59.01	0
-59.889	1
-58.965	0
-59.95	1
-58.766	0
-59.956	1
-58.548	0
-60.005	1
-58.394	0
-60.078	1
-58.287	0
-60.099	1
-58.201	0
-60.157	1
-58.127	0
-60.085	1
-58.06	0
-60.01	1
-57.996	0
-59.933	1
-57.861	0
-59.928	1
-57.777	0
-59.987	1
-57.565	0
-60.069	1
-57.359	0
-60.174	1
-57.222	0
-60.209	1
-57.197	0
-60.202	1
-57.166	0
-60.167	1
-57.06	0
-59.891	1
-57.061	0
-59.78	1
-57.047	0
-59.761	1
-57.106	0
-59.657	1
-57.127	0
-59.495	1
-57.137	0
-59.456	1
-57.142	0
-59.346	1
-57.217	0
-59.344	1
-57.326	0
-59.399	1
-57.383	0
-59.412	1
-57.416	0
-59.409	1
-57.426	0
-59.388	1
-57.422	0
-59.429	1
-57.48	0
-59.358	1
-57.572	0
-59.293	1
-57.696	0
-59.315	1
-57.695	0
-59.243	1
-57.755	0
-59.255	1
-57.851	0
-59.168	1
-57.967	0
-59.095	1
-58.019	0
-59.104	1
-57.961	0
-59.086	1
-57.99	0
-59.135	1
-58.064	0
-59.143	1
-58.173	0
-59.135	1
-58.088	0
-59.045	1
-58.024	0
-58.974	1
-57.981	0
-58.996	1
-58.017	0
-58.919	1
-58.097	0
-58.855	1
-58.141	0
-58.808	1
-58.154	0
-58.763	1
-58.158	0
-58.803	1
-58.158	0
-58.821	1
-58.148	0
-58.819	1
-58.058	0
-58.729	1
-57.991	0
-58.512	1
-58.01	0
-58.367	1
-58.079	0
-58.263	1
-58.124	0
-58.204	1
-58.14	0
-58.23	1
-58.137	0
-58.305	1
-58.07	0
-58.283	1
-58.094	0
-58.261	1
-58.026	0
-58.165	1
-57.903	0
-58.169	1
-57.817	0
-58.231	1
-57.764	0
-58.263	1
-57.804	0
-58.281	1
-57.748	0
-58.353	1
-57.777	0
-58.384	1
-57.784	0
-58.462	1
-57.775	0
-58.419	1
-57.756	0
-58.377	1
-57.729	0
-58.406	1
-57.697	0
-58.332	1
-57.732	0
-58.266	1
-57.735	0
-58.279	1
-57.8	0
-58.348	1
-57.822	0
-58.443	1
-57.889	0
-58.552	1
-57.837	0
-58.594	1
-57.64	0
-58.668	1
-57.585	0
-58.698	1
-57.606	0
-58.693	1
-57.693	0
-58.613	1
-57.67	0
-58.631	1
-57.646	0
-58.626	1
-57.476	0
-58.68	1
-57.362	0
-58.621	1
-57.352	0
-58.566	1
-57.26	0
-58.587	1
-57.118	0
-58.577	1
-57.029	0
-58.413	1
-56.82	0
-58.369	1
-56.574	0
-58.353	1
-56.366	0
-58.344	1
-56.266	0
-58.423	1
-56.226	0
-58.478	1
-56.293	0
-58.446	1
-56.345	0
-58.499	1
-56.455	0
-58.529	1
-56.609	0
-58.552	1
-56.638	0
-58.635	1
-56.66	0
-58.753	1
-56.687	0
-58.899	1
-56.719	0
-58.916	1
-56.826	0
-59.005	1
-56.968	0
-59.053	1
-57.129	0
-59.001	1
-57.156	0
-59.036	1
-57.028	0
-59.046	1
-56.95	0
-59.114	1
-56.912	0
-59.077	1
-56.888	0
-59.043	1
-56.8	0
-58.862	1
-56.815	0
-58.739	1
-56.829	0
-58.588	1
-56.835	0
-58.413	1
-56.904	0
-58.295	1
-56.939	0
-58.066	1
-56.952	0
-57.988	1
-57.021	0
-57.926	1
-57.05	0
-57.873	1
-57.127	0
-57.824	1
-56.944	0
-57.633	1
-56.749	0
-57.357	1
-56.617	0
-57.246	1
-56.393	0
-57.172	1
-56.188	0
-57.123	1
-56.128	0
-57.01	1
-56.083	0
-56.93	1
-55.906	0
-56.867	1
-55.801	0
-56.826	1
-55.812	0
-56.801	1
-55.745	0
-56.705	1
-55.63	0
-56.567	1
-55.485	0
-56.404	1
-55.461	0
-56.294	1
-55.369	0
-56.288	1
-55.236	0
-56.271	1
-55.217	0
-56.176	1
-55.195	0
-56.105	1
-55.24	0
-56.118	1
-55.324	0
-56.18	1
-55.431	0
-56.27	1
-55.48	0
-56.235	1
-55.563	0
-56.266	1
-55.527	0
-56.334	1
-55.279	0
-56.284	1
-55.126	0
-56.244	1
-55.09	0
-56.272	1
-60	0
-56.199	1
-60	0
-56.136	1
-60	0
-56.149	1
-60	0
-56.206	1
-60	0
-56.219	1
-60	0
-56.275	1
-60	0
-56.144	1
-60	0
-56.125	1
-60	0
-56.175	1
-60	0
-56.188	1
-60	0
-56.178	1
-60	0
-56.224	1
-60	0
-56.233	1
-60	0
-56.288	1
-60	0
-56.3	1
-60	0
-56.226	1
-60	0
-56.164	1
-60	0
-56.189	1
-60	0
-56.048	1
-60	0
-56.028	1
-60	0
-56.004	1
-59.852	0
-55.975	1
-59.732	0
-55.804	1
-59.553	0
-55.756	1
-59.339	0
-55.712	1
-59.253	0
-55.669	1
-59.168	0
-55.696	1
-59.095	0
-55.707	1
-59.096	0
-55.698	1
-59.15	0
-55.759	1
-59.154	0
-55.783	1
-59.212	0
-55.725	1
-59.22	0
-55.75	1
-59.272	0
-55.823	1
-59.349	0
-55.924	1
-59.365	0
-56.04	1
-59.344	0
-56.165	1
-59.31	0
-56.234	1
-59.187	0
-56.26	1
-59.168	0
-56.342	1
-59.067	0
-56.319	1
-58.91	0
-56.366	1
-58.876	0
-56.463	1
-58.845	0
-56.595	1
-58.882	0
-56.524	1
-58.957	0
-56.474	1
-59.055	0
-56.505	1
-58.964	0
-56.463	1
-58.892	0
-56.364	1
-58.915	0
-56.381	1
-58.997	0
-56.469	1
-59.106	0
-56.521	1
-59.155	0
-56.549	1
-59.251	0
-56.572	1
-59.367	0
-56.512	1
-59.492	0
-56.543	1
-59.632	0
-56.567	1
-59.771	0
-56.648	1
-59.685	0
-56.621	1
-59.537	0
-56.598	1
-59.436	0
-56.657	1
-59.355	0
-56.687	1
-59.223	0
-56.709	1
-59.2	0
-56.716	1
-59.251	0
-56.725	1
-59.275	0
-56.736	1
-59.293	0
-56.833	1
-59.369	0
-56.966	1
-59.476	0
-56.974	1
-59.526	0
-56.978	1
-59.466	0
-56.764	1
-59.264	0
-56.632	1
-59.125	0
-56.548	1
-59.054	0
-56.596	1
-59.002	0
-56.629	1
-59.044	0
-56.519	1
-58.987	0
-56.458	1
-59.016	0
-56.354	1
-59.095	0
-56.363	1
-59.201	0
-56.368	1
-59.323	0
-56.44	1
-59.378	0
-56.408	1
-59.401	0
-56.183	1
-59.47	0
-56.117	1
-59.438	0
-56.167	1
-59.33	0
-56.199	1
-59.177	0
-56.29	1
-59.143	0
-56.343	1
-59.179	0
-56.442	1
-59.108	0
-56.425	1
-58.899	0
-56.479	1
-58.69	0
-56.302	1
-58.402	0
-56.262	1
-58.287	0
-56.161	1
-58.055	0
-55.954	1
-57.972	0
-55.683	1
-57.914	0
-55.595	1
-57.864	0
-55.537	1
-57.89	0
-55.567	1
-57.96	0
-55.648	1
-57.983	0
-55.757	1
-58.059	0
-55.894	1
-58.087	0
-55.969	1
-58.084	0
-56.004	1
-58.135	0
-55.874	1
-58.143	0
-55.785	1
-58.125	0
-55.58	1
-58.019	0
-55.515	1
-58.003	0
-55.463	1
-57.969	0
-55.349	1
-57.923	0
-55.337	1
-57.942	0
-55.314	1
-57.926	0
-55.147	1
-57.962	0
-55.101	1
-58.028	0
-60	1
-58.038	0
-60	1
-57.942	0
-60	1
-57.854	0
-60	1
-57.627	0
-60	1
-57.389	0
-60	1
-57.218	0
-60	1
-57.086	0
-60	1
-57.049	0
-60	1
-56.867	0
-60	1
-56.803	0
-60	1
-56.74	0
-60	1
-56.605	0
-60	1
-56.428	0
-60	1
-56.226	0
-60	1
-56.01	0
-60	1
-55.857	0
-60	1
-55.81	0
-60	1
-55.618	0
-60	1
-55.479	0
-60	1
-55.371	0
-60	1
-55.375	0
-59.887	1
-55.361	0
-59.784	1
-55.336	0
-59.611	1
-55.326	0
-59.416	1
-55.31	0
-59.197	1
-55.358	0
-58.963	1
-55.444	0
-58.795	1
-55.354	0
-58.749	1
-55.291	0
-58.696	1
-55.242	0
-58.711	1
-55.212	0
-58.63	1
-55.255	0
-58.63	1
-55.34	0
-58.532	1
-55.45	0
-58.301	1
-55.503	0
-58.211	1
-55.382	0
-58.203	1
-55.307	0
-58.183	1
-55.252	0
-58.074	1
-55.138	0
-57.912	1
-55.139	0
-57.802	1
-55.199	0
-57.642	1
-55.157	0
-57.598	1
-55.051	0
-57.549	1
-60	0
-57.426	1
-60	0
-57.329	1
-60	0
-57.176	1
-60	0
-56.99	1
-60	0
-56.866	1
-60	0
-56.855	1
-60	0
-56.831	1
-60	0
-56.811	1
-60	0
-56.795	1
-60	0
-56.632	1
-60	0
-56.381	1
-60	0
-56.148	1
-60	0
-56.078	1
-60	0
-55.957	1
-60	0
-55.805	1
-60	0
-55.774	1
-60	0
-55.814	1
-60	0
-55.686	1
-60	0
-55.666	1
-60	0
-55.64	1
-60	0
-55.61	1
-60.086	0
-55.577	1
-60.197	0
-55.495	1
-60.233	0
-55.368	1
-60.224	0
-55.145	1
-60.186	0
-60	1
-60.13	0
-60	1
-60.063	0
-60	1
-59.989	0
-60	1
-59.985	0
-60	1
-59.882	0
-60	1
-59.789	0
-60	1
-59.775	0
-60	1
-59.585	0
-60	1
-59.522	0
-60	1
-59.38	0
-60	1
-59.201	0
-60	1
-59.067	0
-60	1
-58.959	0
-60	1
-58.878	0
-60	1
-58.878	0
-60	1
-58.706	0
-60	1
-58.65	0
-60	1
-58.591	0
-60	1
-58.602	0
-60	1
-58.581	0
-60	1
-58.54	0
-60.034	1
-58.486	0
-60.094	1
-58.278	0
-60.094	1
-58.125	0
-60.132	1
-58.014	0
-60.127	1
-58.016	0
-60.033	1
-57.998	0
-59.872	1
-58.039	0
-59.748	1
-57.98	0
-59.654	1
-57.854	0
-59.646	1
-57.842	0
-59.549	1
-57.747	0
-59.466	1
-57.744	0
-59.466	1
-57.797	0
-59.514	1
-57.882	0
-59.589	1
-57.911	0
-59.681	1
-57.979	0
-59.705	1
-57.925	0
-59.689	1
-57.951	0
-59.582	1
-58.028	0
-59.574	1
-58.056	0
-59.469	1
-58.052	0
-59.379	1
-58.028	0
-59.372	1
-57.992	0
-59.414	1
-57.948	0
-59.409	1
-57.97	0
-59.451	1
-57.886	0
-59.37	1
-57.666	0
-59.365	1
-57.593	0
-59.413	1
-57.548	0
-59.358	1
-57.507	0
-59.376	1
-57.538	0
-59.214	1
-57.54	0
-59.092	1
-57.522	0
-58.919	1
-57.565	0
-58.791	1
-57.437	0
-58.624	1
-57.415	0
-58.502	1
-57.455	0
-58.333	1
-57.46	0
-58.281	1
-57.371	0
-58.299	1
-57.225	0
-58.358	1
-57.199	0
-58.451	1
-57.238	0
-58.41	1
-57.241	0
-58.433	1
-57.152	0
-58.422	1
-57.149	0
-58.389	1
-57.054	0
-58.415	1
-57.047	0
-58.477	1
-57.092	0
-58.338	1
-57.177	0
-58.309	1
-57.136	0
-58.266	1
-56.887	0
-58.297	1
-56.792	0
-58.146	1
-56.799	0
-58.115	1
-56.859	0
-58.148	1
-56.818	0
-58.155	1
-56.851	0
-58.213	1
-56.785	0
-58.226	1
-56.801	0
-58.285	1
-56.794	0
-58.297	1
-56.772	0
-58.28	1
-56.823	0
-58.254	1
-56.848	0
-58.3	1
-56.85	0
-58.235	1
-56.837	0
-58.248	1
-56.814	0
-58.161	1
-56.784	0
-58.013	1
-56.607	0
-57.83	1
-56.565	0
-57.636	1
-56.597	0
-57.573	1
-56.672	0
-57.443	1
-56.7	0
-57.345	1
-56.77	0
-57.194	1
-56.864	0
-57.011	1
-56.911	0
-56.963	1
-56.993	0
-56.988	1
-56.881	0
-56.984	1
-56.794	0
-56.962	1
-56.581	0
-56.856	1
-56.504	0
-56.844	1
-56.509	0
-56.886	1
-56.561	0
-56.96	1
-56.642	0
-57.052	1
-56.668	0
-57.011	1
-56.731	0
-56.891	1
-56.744	0
-56.793	1
-56.667	0
-56.791	1
-56.599	0
-56.697	1
-56.618	0
-56.7	1
-56.611	0
-56.754	1
-56.657	0
-56.837	1
-56.665	0
-56.865	1
-56.718	0
-56.859	1
-56.728	0
-56.904	1
-56.782	0
-56.979	1
-56.79	0
-56.856	1
-56.842	0
-56.686	1
-56.705	0
-56.56	1
-56.597	0
-56.388	1
-56.578	0
-56.332	1
-56.541	0
-56.343	1
-56.492	0
-56.395	1
-56.507	0
-56.4	1
-56.418	0
-56.306	1
-56.349	0
-56.305	1
-56.284	0
-56.281	1
-56.151	0
-56.243	1
-56.118	0
-56.196	1
-56.144	0
-56.143	1
-56.217	0
-56.028	1
-56.31	0
-55.939	1
-56.413	0
-55.794	1
-56.1	0
-55.617	1
-55.89	0
-55.49	1
-55.474	0
-55.404	1
-55.071	0
-55.336	1
-60	0
-55.347	1
-60	0
-55.267	1
-60	0
-55.211	1
-60	0
-55.233	1
-60	0
-55.161	1
-60	0
-55.032	1
-60	0
-60	1
-60	0
-60	1
-60	0
-60	1
-60	0
-60	1
-60	0
-60	1
-60	0
-60	1
-60	0
-60	1
-60	0
-60	1
-60	0
-60	1
-60	0
-60	1
-60	0
-60	1
-60	0
-60	1
-60	0
-60	1
-60	0
-60	1
-60	0
-60	1
-59.87	0
-60	1
-59.758	0
-60	1
-59.657	0
-60	1
-59.486	0
-60	1
-59.434	0
-60	1
-59.371	0
-60	1
-59.385	0
-60.052	1
-59.365	0
-60.051	1
-59.332	0
-59.951	1
-59.285	0
-59.862	1
-59.165	0
-59.862	1
-58.93	0
-59.769	1
-58.842	0
-59.687	1
-58.841	0
-59.538	1
-58.817	0
-59.497	1
-58.705	0
-59.444	1
-58.686	0
-59.311	1
-58.587	0
-59.287	1
-58.578	0
-59.321	1
-58.56	0
-59.398	1
-58.528	0
-59.272	1
-58.56	0
-59.097	1
-58.63	0
-59.041	1
-58.648	0
-58.907	1
-58.707	0
-58.874	1
-58.799	0
-58.838	1
-58.924	0
-58.812	1
-59.055	0
-58.851	1
-59.038	0
-58.782	1
-59.081	0
-58.793	1
-59.167	0
-58.568	1
-59.123	0
-58.488	1
-59.149	0
-58.422	1
-59.151	0
-58.299	1
-59.205	0
-58.208	1
-59.215	0
-58.064	1
-58.975	0
-58.032	1
-58.882	0
-58.066	1
-58.876	0
-58.138	1
-58.846	0
-58.087	1
-58.813	0
-58.117	1
-58.853	0
-58.053	1
-58.857	0
-58.07	1
-58.846	0
-58.072	1
-58.894	0
-58.057	1
-58.912	0
-58.041	1
-58.756	0
-58.09	1
-58.57	0
-58.175	1
-58.44	0
-58.209	1
-58.414	0
-57.992	1
-58.325	0
-57.791	1
-58.257	0
-57.659	1
-58.201	0
-57.639	1
-58.077	0
-57.398	1
-57.986	0
-57.167	1
-57.913	0
-57.087	1
-57.923	0
-57.095	1
-57.908	0
-57.083	1
-57.951	0
-57.131	1
-57.955	0
-57.212	1
-58.006	0
-57.098	1
-58.013	0
-57.081	1
-57.992	0
-57.121	1
-58.026	0
-57.123	1
-57.947	0
-56.888	1
-57.945	0
-56.653	1
-57.916	0
-56.42	1
-57.943	0
-56.189	1
-58.002	0
-55.958	1
-58.081	0
-55.73	1
-58.181	0
-55.445	1
-58.212	0
-55.189	1
-58.13	0
-55.02	1
-58.051	0
-60	1
-57.901	0
-60	1
-57.783	0
-60	1
-57.754	0
-60	1
-57.707	0
-60	1
-57.648	0
-60	1
-57.583	0
-60	1
-57.225	0
-60	1
-57.054	0
-60	1
-56.993	0
-60	1
-56.998	0
-60	1
-56.971	0
-60	1
-56.925	0
-60	1
-56.938	0
-60	1
-56.916	0
-60	1
-56.729	0
-60	1
-56.515	0
-60	1
-56.358	0
-60	1
-56.304	0
-60	1
-56.243	0
-60	1
-56.176	0
-60	1
-56.177	0
-59.968	1
-56.218	0
-59.978	1
-56.294	0
-60.024	1
-56.313	0
-60.085	1
-56.226	0
-60.078	1
-56.147	0
-60.106	1
-56.154	0
-60.014	1
-56.204	0
-59.619	1
-56.21	0
-59.419	1
-56.189	0
-59.186	1
-56.08	0
-58.935	1
-55.919	0
-58.747	1
-55.798	0
-58.598	1
-55.711	0
-58.482	1
-55.638	0
-58.38	1
-55.585	0
-58.369	1
-55.604	0
-58.405	1
-55.667	0
-58.47	1
-55.686	0
-58.477	1
-55.746	0
-58.449	1
-55.692	0
-58.474	1
-55.638	0
-58.455	1
-55.584	0
-58.337	1
-55.46	0
-58.16	1
-55.237	0
-58.103	1
-55.166	0
-57.978	1
-55.179	0
-57.949	1
-55.103	0
-57.905	1
-55.043	0
-57.851	1
-55.06	0
-57.718	1
-55.054	0
-57.467	1
-60	0
-57.361	1
-60	0
-57.27	1
-60	0
-57.116	1
-60	0
-56.997	1
-60	0
-56.826	1
-60	0
-56.697	1
-60	0
-56.592	1
-60	0
-56.431	1
-60	0
-56.108	1
-60	0
-55.753	1
-60	0
-55.311	1
-60	0
-55.108	1
-60	0
-55.052	1
-60	0
-55.086	1
-60	0
-55.098	1
-60	0
-55.107	1
-60	0
-60	1
-60	0
-60	1
-60	0
-60	1
-60	0
-60	1
-60	0
-60	1
-60.057	0
-60	1
-60.144	0
-60	1
-60.172	0
-60	1
-60.239	0
-60	1
-60.177	0
-60	1
-60.112	0
-60	1
-60.12	0
-60	1
-60.095	0
-60	1
-59.975	0
-60	1
-59.947	0
-60	1
-59.834	0
-60	1
-59.738	0
-60	1
-59.736	0
-60	1
-59.783	0
-60	1
-59.783	0
-60	1
-59.755	0
-60	1
-59.708	0
-60.06	1
-59.575	0
-60.139	1
-59.465	0
-60.154	1
-59.368	0
-60.204	1
-59.205	0
-60.274	1
-59.075	0
-60.055	1
-58.829	0
-59.897	1
-58.728	0
-59.846	1
-58.723	0
-59.493	1
-58.548	0
-59.328	1
-58.064	0
-59.21	1
-57.694	0
-59.198	1
-57.314	0
-59.094	1
-57.072	0
-58.934	1
-56.983	0
-58.814	1
-56.913	0
-58.718	1
-56.926	0
-58.635	1
-56.774	0
-58.633	1
-56.735	0
-58.679	1
-56.694	0
-58.752	1
-56.72	0
-58.621	1
-56.726	0
-58.597	1
-56.784	0
-58.41	1
-56.799	0
-57.981	1
-56.86	0
-57.628	1
-56.876	0
-57.322	1
-56.864	0
-57.187	1
-56.906	0
-57.011	1
-56.766	0
-56.953	1
-56.729	0
-56.894	1
-56.755	0
-56.835	1
-56.757	0
-56.643	1
-56.676	0
-56.519	1
-56.681	0
-56.498	1
-56.737	0
-56.396	1
-56.821	0
-56.388	1
-56.78	0
-56.364	1
-56.766	0
-56.433	1
-56.78	0
-56.57	1
-56.858	0
-56.651	1
-56.984	0
-56.709	1
-57.129	0
-56.673	1
-57.283	0
-56.649	1
-57.298	0
-56.632	1
-57.37	0
-56.687	1
-57.475	0
-56.714	1
-57.598	0
-56.793	1
-57.514	0
-56.901	1
-57.449	0
-57.026	1
-57.323	0
-57.158	1
-57.16	0
-57.294	1
-57.046	0
-57.431	1
-56.96	0
-57.494	1
-56.903	0
-57.594	1
-56.946	0
-57.586	1
-57.035	0
-57.57	1
-57.007	0
-57.619	1
-57.05	0
-57.706	1
-57.063	0
-57.671	1
-57.057	0
-57.488	1
-57.038	0
-57.434	1
-56.736	0
-57.322	1
-56.544	0
-57.168	1
-56.488	0
-56.99	1
-56.37	0
-56.868	1
-56.356	0
-56.778	1
-56.192	0
-56.708	1
-56.149	0
-56.648	1
-55.898	0
-56.595	1
-55.801	0
-56.473	1
-55.658	0
-56.381	1
-55.626	0
-56.307	1
-55.589	0
-56.313	1
-55.55	0
-56.367	1
-55.439	0
-56.377	1
-55.366	0
-56.161	1
-55.388	0
-56.025	1
-55.402	0
-55.941	1
-55.471	0
-55.949	1
-55.514	0
-55.953	1
-55.602	0
-55.946	1
-55.727	0
-55.943	1
-55.806	0
-55.945	1
-55.652	0
-55.952	1
-55.628	0
-56.024	1
-55.681	0
-56.062	1
-55.708	0
-55.939	1
-55.789	0
-55.859	1
-55.76	0
-55.803	1
-55.734	0
-55.831	1
-55.709	0
-55.907	1
-55.614	0
-56.012	1
-55.557	0
-56.073	1
-55.457	0
-56.04	1
-55.462	0
-55.943	1
-55.528	0
-55.876	1
-55.491	0
-55.827	1
-55.46	0
-55.857	1
-55.501	0
-55.934	1
-55.596	0
-56.049	1
-55.714	0
-56.107	1
-55.635	0
-56.13	1
-55.647	0
-56.131	1
-55.712	0
-56.047	1
-55.668	0
-56.052	1
-55.639	0
-56.051	1
-55.472	0
-55.967	1
-55.153	0
-55.694	1
-55.022	0
-55.588	1
-60	0
-55.441	1
-60	0
-55.27	1
-60	0
-55.177	1
-60	0
-55.115	1
-60	0
-55.14	1
-60	0
-55.216	1
-60	0
-55.32	1
-60	0
-55.441	1
-60	0
-55.57	1
-60	0
-55.645	1
-60	0
-55.678	1
-60	0
-55.767	1
-60	0
-55.879	1
-60	0
-56.005	1
-60	0
-56.138	1
-60	0
-56.202	1
-60	0
-56.155	1
-60	0
-56.109	1
-60	0
-56.064	1
-60	0
-56.101	1
-60	0
-56.108	1
-59.938	0
-56.118	1
-59.798	0
-56.044	1
-59.687	0
-56.061	1
-59.677	0
-56	1
-59.645	0
-55.885	1
-59.534	0
-55.749	1
-59.519	0
-55.662	1
-59.42	0
-55.615	1
-59.265	0
-55.653	1
-59.234	0
-55.751	1
-59.195	0
-55.877	1
-59.151	0
-55.877	1
-59.028	0
-55.662	1
-58.932	0
-55.596	1
-58.925	0
-55.548	1
-58.98	0
-55.523	1
-58.918	0
-55.571	1
-58.857	0
-55.663	1
-58.871	0
-55.778	1
-58.928	0
-55.767	1
-58.946	0
-55.761	1
-58.86	0
-55.818	1
-58.784	0
-55.772	1
-58.787	0
-55.734	1
-58.837	0
-55.768	1
-58.923	0
-55.648	1
-58.951	0
-55.497	1
-58.941	0
-55.397	1
-58.909	0
-55.257	1
-58.956	0
-55.048	1
-59.037	0
-60	1
-59.136	0
-60	1
-59.245	0
-60	1
-59.284	0
-60	1
-59.365	0
-60	1
-59.165	0
-60	1
-59.021	0
-60	1
-58.909	0
-60	1
-58.889	0
-60	1
-58.934	0
-60	1
-59.011	0
-60	1
-58.977	0
-60	1
-58.948	0
-60	1
-58.839	0
-60	1
-58.84	0
-60	1
-58.751	0
-60	1
-58.681	0
-60	1
-58.621	0
-60	1
-58.64	0
-60	1
-58.704	0
-60	1
-58.575	0
-60	1
-58.402	0
-59.921	1
-58.349	0
-59.919	1
-58.295	0
-59.888	1
-58.321	0
-59.923	1
-58.17	0
-59.99	1
-58.131	0
-60.001	1
-58.158	0
-60.051	1
-58.234	0
-59.984	1
-58.258	0
-59.839	1
-58.251	0
-59.798	1
-58.296	0
-59.743	1
-58.299	0
-59.455	1
-58.286	0
-59.263	1
-58.339	0
-59.131	1
-58.204	0
-59.028	1
-58.031	0
-58.869	1
-57.761	0
-58.748	1
-57.652	0
-58.725	1
-57.566	0
-58.685	1
-57.42	0
-58.634	1
-57.311	0
-58.65	1
-57.296	0
-58.631	1
-57.335	0
-58.591	1
-57.274	0
-58.621	1
-57.145	0
-58.686	1
-56.976	0
-58.624	1
-56.936	0
-58.569	1
-56.834	0
-58.447	1
-56.758	0
-58.426	1
-56.648	0
-58.41	1
-56.575	0
-58.458	1
-56.521	0
-58.468	1
-56.408	0
-58.527	1
-56.411	0
-58.626	1
-56.405	0
-58.666	1
-56.484	0
-58.763	1
-56.599	0
-58.733	1
-56.662	0
-58.699	1
-56.763	0
-58.588	1
-56.897	0
-58.514	1
-56.898	0
-58.381	1
-56.818	0
-58.285	1
-56.701	0
-58.075	1
-56.624	0
-57.792	1
-56.499	0
-57.609	1
-56.415	0
-57.485	1
-56.285	0
-57.397	1
-56.197	0
-57.4	1
-56.203	0
-57.385	1
-56.265	0
-57.43	1
-56.148	0
-57.439	1
-55.994	0
-57.423	1
-55.957	0
-57.465	1
-55.92	0
-57.469	1
-55.812	0
-57.376	1
-55.661	0
-57.297	1
-55.577	0
-57.248	1
-55.518	0
-57.273	1
-55.473	0
-57.342	1
-55.366	0
-57.293	1
-55.36	0
-57.243	1
-55.275	0
-57.122	1
-55.303	0
-57.049	1
-55.384	0
-56.921	1
-55.425	0
-56.758	1
-55.453	0
-56.587	1
-55.324	0
-56.331	1
-55.31	0
-56.238	1
-55.363	0
-56.24	1
-55.455	0
-56.229	1
-55.5	0
-55.997	1
-55.596	0
-55.925	1
-55.714	0
-55.732	1
-55.844	0
-55.606	1
-55.839	0
-55.519	1
-55.753	0
-55.524	1
-55.757	0
-55.583	1
-55.744	0
-55.535	1
-55.651	0
-55.561	1
-55.51	0
-55.491	1
-55.478	0
-55.502	1
-55.534	0
-55.515	1
-55.558	0
-55.582	1
-55.631	0
-55.68	1
-55.592	0
-55.727	1
-55.486	0
-55.671	1
-55.409	0
-55.692	1
-55.36	0
-55.701	1
-55.25	0
-55.763	1
-55.173	0
-55.787	1
-55.057	0
-55.868	1
-60	0
-55.904	1
-60	0
-55.912	1
-60	0
-55.763	1
-60	0
-55.59	1
-60	0
-55.472	1
-60	0
-55.455	1
-60	0
-55.441	1
-60	0
-55.431	1
-60	0
-55.416	1
-60	0
-55.408	1
-60	0
-55.396	1
-60	0
-55.38	1
-60	0
-55.361	1
-60	0
-55.339	1
-60	0
-55.314	1
-60	0
-55.149	1
-60	0
-55.107	1
-60	0
-60	1
-60	0
-60	1
-60	0
-60	1
-60	0
-60	1
-59.835	0
-60	1
-59.806	0
-60	1
-59.698	0
-60	1
-59.463	0
-60	1
-59.33	0
-60	1
-59.165	0
-60	1
-59.062	0
-60	1
-58.917	0
-60	1
-58.828	0
-60	1
-58.849	0
-60	1
-58.854	0
-60	1
-58.848	0
-60	1
-58.833	0
-60	1
-58.884	0
-60	1
-58.901	0
-60	1
-58.968	0
-60	1
-59.064	0
-60	1
-59.029	0
-60.014	1
-58.986	0
-60.073	1
-59.013	0
-60.081	1
-59.08	0
-60.057	1
-59.106	0
-60.099	1
-59.025	0
-60.098	1
-58.954	0
-60.144	1
-58.741	0
-60.143	1
-58.59	0
-60.036	1
-58.475	0
-59.867	1
-58.455	0
-59.66	1
-58.418	0
-59.061	1
-58.443	0
-58.602	1
-58.505	0
-58.3	1
-58.524	0
-58.176	1
-58.51	0
-58.151	1
-58.402	0
-58.039	1
-58.312	0
-58.02	1
-58.231	0
-58.055	1
-58.228	0
-57.978	1
-58.198	0
-57.977	1
-58.151	0
-57.876	1
-58.032	0
-57.799	1
-57.946	0
-57.738	1
-57.655	0
-57.681	1
-57.46	0
-57.625	1
-57.178	0
-57.64	1
-56.916	0
-57.698	1
-56.597	0
-57.781	1
-56.316	0
-57.66	1
-56.198	0
-57.634	1
-56.036	0
-57.665	1
-55.92	0
-57.728	1
-55.841	0
-57.82	1
-55.847	0
-57.851	1
-55.774	0
-57.853	1
-55.438	0
-57.903	1
-55.294	0
-57.837	1
-55.262	0
-57.772	1
-55.31	0
-57.79	1
-55.396	0
-57.851	1
-55.505	0
-57.864	1
-55.626	0
-57.919	1
-55.613	0
-57.926	1
-55.658	0
-57.977	1
-55.599	0
-57.98	1
-55.546	0
-57.954	1
-55.565	0
-57.909	1
-55.418	0
-57.926	1
-55.243	0
-57.907	1
-55.119	0
-57.937	1
-55.025	0
-57.997	1
-60	0
-57.857	1
-60	0
-57.741	1
-60	0
-57.651	1
-60	0
-57.497	1
-60	0
-57.305	1
-60	0
-57.234	1
-60	0
-57.164	1
-60	0
-57.176	1
-60	0
-57.159	1
-60	0
-57.195	1
-60	0
-57.118	1
-60	0
-57.118	1
-60	0
-57.101	1
-60	0
-57.15	1
-60	0
-57.158	1
-60	0
-57.153	1
-60	0
-57.213	1
-60	0
-57.1	1
-60	0
-57.113	1
-60	0
-57.185	1
-60	0
-57.148	1
-59.87	0
-57.116	1
-59.768	0
-57.014	1
-59.757	0
-56.941	1
-59.734	0
-56.966	1
-59.771	0
-57.043	1
-59.842	0
-57.147	1
-59.934	0
-57.197	1
-60.036	0
-57.282	1
-60.077	0
-57.4	1
-60.15	0
-57.455	1
-60.089	0
-57.4	1
-60.098	0
-57.351	1
-60.073	0
-57.303	1
-59.802	0
-57.113	1
-59.684	0
-56.98	1
-59.507	0
-56.953	1
-59.444	0
-56.917	1
-59.449	0
-56.874	1
-59.429	0
-56.839	1
-59.313	0
-56.657	1
-59.288	0
-56.389	1
-59.242	0
-56.211	1
-59.109	0
-55.877	1
-58.924	0
-55.66	1
-58.709	0
-55.583	1
-58.549	0
-55.588	1
-58.495	0
-55.643	1
-58.515	0
-55.669	1
-58.509	0
-55.54	1
-58.479	0
-55.451	1
-58.435	0
-55.385	1
-58.382	0
-55.401	1
-58.323	0
-55.466	1
-58.186	0
-55.42	1
-57.931	0
-55.238	1
-57.823	0
-55.113	1
-57.803	0
-60	1
-57.834	0
-60	1
-57.824	0
-60	1
-57.789	0
-60	1
-57.81	0
-60	1
-57.792	0
-60	1
-57.76	0
-60	1
-57.641	0
-60	1
-57.542	0
-60	1
-57.311	0
-60	1
-57.217	0
-60	1
-57.061	0
-60	1
-57.012	0
-60	1
-56.954	0
-60	1
-56.963	0
-60	1
-57.011	0
-60	1
-57.082	0
-60	1
-57.095	0
-60	1
-57.083	0
-60	1
-56.978	0
-60	1
-56.959	0
-60	1
-56.778	0
-59.957	1
-56.642	0
-59.966	1
-56.534	0
-60.005	1
-56.512	0
-59.987	1
-56.413	0
-59.945	1
-56.411	0
-59.965	1
-56.46	0
-60.017	1
-56.328	0
-60.086	1
-56.227	0
-60.09	1
-56.226	0
-59.989	1
-56.137	0
-59.894	1
-56.065	0
-59.876	1
-56.003	0
-59.83	1
-56.016	0
-59.766	1
-55.875	0
-59.701	1
-55.844	0
-59.703	1
-55.738	0
-59.67	1
-55.727	0
-59.69	1
-55.702	0
-59.667	1
-55.599	0
-59.692	1
-55.449	0
-59.596	1
-55.421	0
-59.586	1
-55.458	0
-59.62	1
-55.533	0
-59.681	1
-55.63	0
-59.682	1
-55.74	0
-59.647	1
-55.716	0
-59.589	1
-55.612	0
-59.518	1
-55.529	0
-59.363	1
-55.528	0
-59.308	1
-55.507	0
-59.238	1
-55.403	0
-59.084	1
-55.18	0
-58.955	1
-55.107	0
-58.851	1
-55.045	0
-58.608	1
-60	0
-58.43	1
-60	0
-58.363	1
-60	0
-58.364	1
-60	0
-58.404	1
-60	0
-58.321	1
-60	0
-58.31	1
-60	0
-58.133	1
-60	0
-57.924	1
-60	0
-57.697	1
-60	0
-57.531	1
-60	0
-57.474	1
-60	0
-57.41	1
-60	0
-57.342	1
-60	0
-57.281	1
-60	0
-57.218	1
-60	0
-57.225	1
-60	0
-57.202	1
-60	0
-57.232	1
-60	0
-57.149	1
-60	0
-57	1
-60	0
-56.964	1
-59.946	0
-56.846	1
-59.886	0
-56.69	1
-59.814	0
-56.646	1
-59.66	0
-56.669	1
-59.617	0
-56.743	1
-59.633	0
-56.838	1
-59.535	0
-56.945	1
-59.517	0
-56.988	1
-59.398	0
-56.847	1
-59.292	0
-56.74	1
-59.268	0
-56.44	1
-59.154	0
-56.249	1
-58.907	0
-56.186	1
-58.728	0
-56.129	1
-58.6	0
-56.156	1
-58.569	0
-56.086	1
-58.596	0
-56.097	1
-58.509	0
-56.015	1
-58.428	0
-55.948	1
-58.422	0
-55.958	1
-58.472	0
-55.816	1
-58.474	0
-55.646	1
-58.312	0
-55.609	1
-58.189	0
-55.643	1
-58.163	0
-55.72	1
-58.205	0
-55.833	1
-58.135	0
-55.958	1
-57.872	0
-56.041	1
-57.77	0
-56.154	1
-57.765	0
-56.212	1
-57.816	0
-56.237	1
-57.755	0
-56.309	1
-57.493	0
-56.421	1
-57.391	0
-56.548	1
-57.314	0
-56.54	1
-57.321	0
-56.592	1
-57.379	0
-56.608	1
-57.322	0
-56.459	1
-57.339	0
-56.283	1
-57.327	0
-56.161	1
-57.226	0
-56.071	1
-57.215	0
-55.929	1
-57.195	0
-55.768	1
-57.163	0
-55.657	1
-57.133	0
-55.658	1
-56.966	0
-55.658	1
-56.851	0
-55.65	1
-56.636	0
-55.717	1
-56.497	0
-55.82	1
-56.472	0
-55.873	1
-56.515	0
-55.894	1
-56.456	0
-55.826	1
-56.405	0
-55.703	1
-56.43	0
-55.617	1
-56.439	0
-55.633	1
-56.43	0
-55.563	1
-56.481	0
-55.441	1
-56.354	0
-55.356	1
-56.121	0
-55.155	1
-55.965	0
-55.092	1
-55.785	0
-55.11	1
-55.544	0
-60	1
-55.323	0
-60	1
-55.182	0
-60	1
-55.089	0
-60	1
-55.104	0
-60	1
-55.107	0
-60	1
-55.169	0
-60	1
-55.128	0
-60	1
-55.106	0
-60	1
-55.108	0
-60	1
-55.11	0
-60	1
-55.109	0
-60	1
-55.106	0
-60	1
-55.099	0
-60	1
-55.021	0
-60	1
-60	0
-60	1
-60	0
-60	1
-60	0
-60	1
-60	0
-60	1
-60	0
-60	1
-60	0
-60	1
-60	0
-59.718	1
-60	0
-59.59	1
-60	0
-59.405	1
-60	0
-59.26	1
-60	0
-58.991	1
-60	0
-58.807	1
-60	0
-58.594	1
-60	0
-58.447	1
-60	0
-58.407	1
-60	0
-58.429	1
-60	0
-58.415	1
-60	0
-58.378	1
-60	0
-58.254	1
-60	0
-58.224	1
-60	0
-58.187	1
-59.879	0
-58.149	1
-59.86	0
-58.041	1
-59.746	0
-58.028	1
-59.648	0
-58.072	1
-59.634	0
-58.149	1
-59.522	0
-58.099	1
-59.423	0
-57.9	1
-59.408	0
-57.684	1
-59.292	0
-57.387	1
-59.117	0
-57.258	1
-58.981	0
-57.228	1
-58.867	0
-57.258	1
-58.766	0
-57.251	1
-58.748	0
-57.292	1
-58.777	0
-57.291	1
-58.761	0
-57.334	1
-58.508	0
-57.344	1
-58.327	0
-57.396	1
-58.115	0
-57.402	1
-57.753	0
-57.462	1
-57.44	0
-57.475	1
-57.3	0
-57.386	1
-56.928	0
-57.401	1
-56.772	0
-57.403	1
-56.667	0
-57.461	1
-56.531	0
-57.489	1
-56.51	0
-57.492	1
-56.428	0
-57.489	1
-56.159	0
-57.546	1
-55.921	0
-57.637	1
-55.84	0
-57.676	1
-55.783	0
-57.754	1
-55.809	0
-57.854	1
-55.836	0
-57.987	1
-55.638	0
-58.052	1
-55.446	0
-58.075	1
-55.395	0
-58.143	1
-55.358	0
-58.238	1
-55.202	0
-58.284	1
-55.105	0
-58.366	1
-55.111	0
-58.322	1
-55.131	0
-58.223	1
-55.145	0
-58.077	1
-55.221	0
-57.974	1
-55.333	0
-57.897	1
-55.326	0
-57.906	1
-55.328	0
-57.832	1
-55.395	0
-57.7	1
-55.443	0
-57.617	1
-55.411	0
-57.636	1
-55.392	0
-57.71	1
-55.38	0
-57.813	1
-55.381	0
-57.8	1
-55.452	0
-57.78	1
-55.573	0
-57.765	1
-55.646	0
-57.746	1
-55.757	0
-57.722	1
-55.82	0
-57.767	1
-55.934	0
-57.789	1
-55.789	0
-57.863	1
-55.559	0
-57.965	1
-55.347	0
-58.083	1
-55.228	0
-58.146	1
-55.155	0
-58.168	1
-55.189	0
-58.102	1
-55.278	0
-58.121	1
-55.192	0
-58.116	1
-55.137	0
-58.096	1
-55.1	0
-58.066	1
-55.003	0
-58.029	1
-55.008	0
-57.987	1
-55.073	0
-58.013	1
-55.184	0
-58.09	1
-55.244	0
-58.043	1
-55.354	0
-58.078	1
-55.414	0
-58.081	1
-55.374	0
-57.991	1
-55.342	0
-57.916	1
-55.245	0
-57.851	1
-55.178	0
-57.863	1
-55.139	0
-57.786	1
-55.177	0
-57.649	1
-55.192	0
-57.547	1
-55.191	0
-57.322	1
-55.25	0
-57.096	1
-55.284	0
-56.951	1
-55.366	0
-56.92	1
-55.416	0
-56.965	1
-55.508	0
-57.05	1
-55.415	0
-57.084	1
-55.349	0
-57.158	1
-55.311	0
-57.123	1
-55.212	0
-57.087	1
-55.075	0
-56.977	1
-55.054	0
-56.894	1
-60	0
-56.826	1
-60	0
-56.696	1
-60	0
-56.67	1
-60	0
-56.706	1
-60	0
-56.778	1
-60	0
-56.8	1
-60	0
-56.861	1
-60	0
-56.946	1
-60	0
-56.973	1
-60	0
-57.035	1
-60	0
-57.118	1
-60	0
-57.069	1
-60	0
-57.024	1
-60	0
-57.055	1
-60	0
-56.91	1
-60	0
-56.66	1
-60	0
-56.561	1
-60	0
-56.48	1
-60	0
-56.41	1
-60	0
-56.358	1
-60	0
-56.378	1
-59.861	0
-56.312	1
-59.671	0
-56.256	1
-59.525	0
-56.206	1
-59.5	0
-56.181	1
-59.385	0
-56.227	1
-59.289	0
-56.242	1
-59.205	0
-56.238	1
-59.212	0
-56.234	1
-59.191	0
-56.079	1
-59.152	0
-56.045	1
-59.048	0
-56.035	1
-58.893	0
-56.094	1
-58.632	0
-56.192	1
-58.455	0
-56.312	1
-58.329	0
-56.303	1
-58.315	0
-56.367	1
-58.215	0
-56.466	1
-58.001	0
-56.597	1
-57.93	0
-56.737	1
-57.87	0
-56.738	1
-57.817	0
-56.656	1
-57.838	0
-56.594	1
-57.708	0
-56.635	1
-57.617	0
-56.652	1
-57.549	0
-56.724	1
-57.494	0
-56.756	1
-57.373	0
-56.763	1
-57.295	0
-56.765	1
-57.307	0
-56.756	1
-57.156	0
-56.809	1
-56.99	0
-56.909	1
-56.89	0
-56.898	1
-56.751	0
-56.811	1
-56.729	0
-56.75	1
-56.705	0
-56.702	1
-56.75	0
-56.591	1
-56.835	0
-56.371	1
-56.871	0
-56.157	1
-56.948	0
-56.086	1
-56.977	0
-56.101	1
-56.905	0
-56.025	1
-56.782	0
-55.905	1
-56.693	0
-55.822	1
-56.695	0
-55.691	1
-56.537	0
-55.599	1
-56.436	0
-55.473	1
-56.432	0
-55.319	1
-56.274	0
-55.079	1
-56.093	0
-60	1
-56.04	0
-60	1
-55.922	0
-60	1
-55.916	0
-60	1
-55.992	0
-60	1
-56.112	0
-60	1
-56.26	0
-60	1
-56.346	0
-60	1
-56.393	0
-60	1
-56.484	0
-60	1
-56.53	0
-60	1
-56.619	0
-60	1
-56.66	0
-60	1
-56.743	0
-60	1
-56.859	0
-60	1
-56.917	0
-60	1
-57.009	0
-60	1
-56.835	0
-60	1
-56.715	0
-60	1
-56.556	0
-60	1
-56.515	0
-60	1
-56.484	0
-59.978	1
-56.522	0
-60.01	1
-56.53	0
-59.923	1
-56.588	0
-59.913	1
-56.677	0
-59.875	1
-56.64	0
-59.744	1
-56.599	0
-59.707	1
-56.553	0
-59.726	1
-56.576	0
-59.702	1
-56.639	0
-59.653	1
-56.655	0
-59.587	1
-56.499	0
-59.587	1
-56.382	0
-59.625	1
-56.359	0
-59.61	1
-56.333	0
-59.648	1
-56.297	0
-59.561	1
-56.325	0
-59.549	1
-56.39	0
-59.58	1
-56.477	0
-59.637	1
-56.506	0
-59.56	1
-56.499	0
-59.401	1
-56.47	0
-59.121	1
-56.509	0
-58.927	1
-56.44	0
-58.852	1
-56.305	0
-58.774	1
-56.202	0
-58.327	1
-56.047	0
-58.102	1
-55.652	0
-58.009	1
-55.326	0
-57.921	1
-55.053	0
-57.847	1
-60	0
-57.631	1
-60	0
-57.556	1
-60	0
-57.498	1
-60	0
-57.38	1
-60	0
-57.364	1
-60	0
-57.407	1
-60	0
-57.485	1
-60	0
-57.439	1
-60	0
-57.389	1
-60	0
-57.347	1
-60	0
-57.375	1
-60	0
-57.443	1
-60	0
-57.39	1
-60	0
-57.336	1
-60	0
-57.352	1
-60	0
-57.41	1
-60	0
-57.277	1
-60	0
-57.172	1
-60	0
-57.155	1
-60	0
-57.12	1
-60	0
-57.144	1
-59.867	0
-57.132	1
-59.824	0
-57.097	1
-59.684	0
-56.906	1
-59.561	0
-56.693	1
-59.522	0
-56.539	1
-59.535	0
-56.42	1
-59.513	0
-56.333	1
-59.537	0
-56.328	1
-59.515	0
-56.232	1
-59.474	0
-56.161	1
-59.435	0
-56.122	1
-59.468	0
-56.096	1
-59.546	0
-56.153	1
-59.569	0
-56.179	1
-59.633	0
-56.256	1
-59.72	0
-56.363	1
-59.819	0
-56.415	1
-59.934	0
-56.302	1
-60.051	0
-56.225	1
-59.942	0
-56.027	1
-59.847	0
-55.898	1
-59.761	0
-55.879	1
-59.529	0
-55.924	1
-59.435	0
-56.008	1
-59.422	0
-56.113	1
-59.309	0
-56.09	1
-59.294	0
-56.069	1
-59.108	0
-55.973	1
-58.82	0
-55.831	1
-58.473	0
-55.73	1
-58.311	0
-55.725	1
-58.187	0
-55.496	1
-58.012	0
-55.344	1
-57.817	0
-55.248	1
-57.687	0
-55.258	1
-57.517	0
-55.256	1
-57.395	0
-55.174	1
-57.229	0
-55.184	1
-57.108	0
-55.246	1
-57.097	0
-55.144	1
-57.143	0
-55.142	1
-57.222	0
-55.2	1
-57.332	0
-55.096	1
-57.307	0
-55.094	1
-57.345	0
-55.153	1
-57.275	0
-55.247	1
-57.212	0
-55.36	1
-57.224	0
-55.346	1
-57.281	0
-55.392	1
-57.148	0
-55.474	1
-57.045	0
-55.368	1
-56.888	0
-55.357	1
-56.852	0
-55.345	1
-56.738	0
-55.324	1
-56.65	0
-55.227	1
-56.504	0
-55.085	1
-56.396	0
-55.054	1
-56.309	0
-55.019	1
-56.317	0
-55.063	1
-56.303	0
-55.144	1
-56.286	0
-55.053	1
-56.26	0
-60	1
-56.298	0
-60	1
-56.373	0
-60	1
-56.339	0
-60	1
-56.385	0
-60	1
-56.328	0
-60	1
-56.21	0
-60	1
-56.054	0
-60	1
-56.027	0
-60	1
-56	0
-60	1
-56.052	0
-60	1
-56.073	0
-60	1
-56.074	0
-60	1
-55.992	0
-60	1
-55.93	0
-60	1
-55.821	0
-60	1
-55.814	0
-60	1
-55.729	0
-60	1
-55.678	0
-60	1
-55.58	0
-60	1
-55.585	0
-60	1
-55.651	0
-59.923	1
-55.751	0
-59.774	1
-55.871	0
-59.655	1
-55.873	0
-59.416	1
-55.935	0
-59.322	1
-55.962	0
-59.24	1
-55.966	0
-59.238	1
-55.886	0
-59.135	1
-55.895	0
-58.897	1
-55.908	0
-58.821	1
-55.839	0
-58.534	1
-55.858	0
-58.268	1
-55.79	0
-58.162	1
-55.809	0
-58.076	1
-55.878	0
-58.075	1
-55.907	0
-58.125	1
-55.84	0
-57.984	1
-55.657	0
-57.959	1
-55.536	0
-57.995	1
-55.522	0
-57.921	1
-55.362	0
-57.926	1
-55.254	0
-57.833	1
-55.257	0
-57.835	1
-55.249	0
-57.887	1
-55.233	0
-57.823	1
-55.143	0
-57.761	1
-55.076	0
-57.7	1
-55.092	0
-57.711	1
-55.157	0
-57.693	1
-55.25	0
-57.583	1
-55.36	0
-57.564	1
-55.478	0
-57.525	1
-55.6	0
-57.331	1
-55.525	0
-57.198	1
-55.535	0
-57.167	1
-55.535	0
-57.136	1
-55.452	0
-57.024	1
-55.192	0
-57.019	1
-55.096	0
-56.926	1
-60	0
-56.852	1
-60	0
-56.789	1
-60	0
-56.731	1
-60	0
-56.676	1
-60	0
-56.562	1
-60	0
-56.547	1
-60	0
-56.521	1
-60	0
-56.344	1
-60	0
-56.172	1
-60	0
-56.057	1
-60	0
-55.977	1
-60	0
-55.987	1
-60	0
-56.049	1
-60	0
-56.071	1
-60	0
-56.069	1
-60	0
-56.132	1
-60	0
-56.156	1
-60	0
-56.155	1
-60	0
-56.209	1
-60	0
-56.295	1
-60	0
-56.399	1
-59.917	0
-56.3	1
-59.831	0
-56.151	1
-59.819	0
-55.831	1
-59.775	0
-55.691	1
-59.413	0
-55.587	1
-59.235	0
-55.575	1
-59.177	0
-55.351	1
-59.183	0
-55.271	1
-59.08	0
-55.275	1
-58.985	0
-55.261	1
-58.968	0
-55.097	1
-58.997	0
-55.05	1
-59.054	0
-55.073	1
-58.979	0
-55.068	1
-58.825	0
-55.115	1
-58.623	0
-55.193	1
-58.478	0
-55.23	1
-58.443	0
-55.247	1
-58.467	0
-55.312	1
-58.389	0
-55.348	1
-58.39	0
-55.426	1
-58.302	0
-55.541	1
-58.298	0
-55.669	1
-58.146	0
-55.756	1
-57.821	0
-55.802	1
-57.682	0
-55.752	1
-57.509	0
-55.784	1
-57.388	0
-55.793	1
-57.226	0
-55.857	1
-57.181	0
-55.954	1
-57.136	0
-55.928	1
-57.16	0
-55.968	1
-57.225	0
-55.976	1
-57.263	0
-55.987	1
-57.138	0
-56.065	1
-57.122	0
-56.104	1
-57.099	0
-56.119	1
-57.07	0
-56.118	1
-57.038	0
-56.106	1
-57.001	0
-56.016	1
-56.748	0
-55.949	1
-56.58	0
-55.966	1
-56.533	0
-55.681	1
-56.568	0
-55.439	1
-56.503	0
-55.353	1
-56.459	0
-55.372	1
-56.419	0
-55.375	1
-56.452	0
-55.368	1
-56.528	0
-55.353	1
-56.639	0
-55.276	1
-56.773	0
-55.302	1
-56.7	0
-55.313	1
-56.572	0
-55.383	1
-56.482	0
-55.417	1
-56.344	0
-55.428	1
-56.317	0
-55.493	1
-56.297	0
-55.463	1
-56.343	0
-55.367	1
-56.286	0
-55.232	1
-56.249	0
-55.152	1
-56.075	0
-55.168	1
-56.051	0
-55.192	1
-55.893	0
-55.275	1
-55.722	0
-55.254	1
-55.545	0
-55.306	1
-55.502	0
-55.262	1
-55.537	0
-55.092	1
-55.492	0
-55.063	1
-55.32	0
-55.111	1
-55.211	0
-55.135	1
-55.139	0
-55.142	1
-55.031	0
-55.219	1
-60	0
-55.191	1
-60	0
-55.248	1
-60	0
-55.348	1
-60	0
-55.402	1
-60	0
-55.427	1
-60	0
-55.504	1
-60	0
-55.609	1
-60	0
-55.591	1
-60	0
-55.51	1
-60	0
-55.383	1
-60	0
-55.297	1
-60	0
-55.305	1
-60	0
-55.298	1
-60	0
-55.282	1
-60	0
-55.26	1
-60	0
-55.232	1
-60	0
-55.27	1
-60	0
-55.347	1
-60	0
-55.319	1
-60	0
-55.22	1
-60	0
-55.158	1
-59.908	0
-60	1
-59.82	0
-60	1
-59.734	0
-60	1
-59.65	0
-60	1
-59.575	0
-60	1
-59.351	0
-60	1
-59.133	0
-60	1
-58.989	0
-60	1
-58.809	0
-60	1
-58.691	0
-60	1
-58.54	0
-60	1
-58.362	0
-60	1
-58.313	0
-60	1
-58.268	0
-60	1
-58.296	0
-60	1
-58.367	0
-60	1
-58.463	0
-60	1
-58.582	0
-60	1
-58.707	0
-60	1
-58.761	0
-60	1
-58.623	0
-60	1
-58.591	0
-59.956	1
-58.631	0
-59.91	1
-58.706	0
-59.854	1
-58.655	0
-59.717	1
-58.6	0
-59.681	1
-58.616	0
-59.704	1
-58.61	0
-59.772	1
-58.657	0
-59.635	1
